Dec. 9, 2005   02:52:56
Cyclic Voltammetry
File: d:\ida_biofilms\11_28_18_blankidapyo\75um_pyo_soak_gc.txt
Data Source:  Experiment
Instrument Model:  CHI760B
Header: 
Note: 

Init E (V) = 0.1
High E (V) = 0.1
Low E (V) = -0.5
Init P/N = N
Scan Rate (V/s) = 0.003
Segment = 2
Sample Interval (V) = 0.001
Quiet Time (sec) = 2
Sensitivity (A/V) = 1e-5
2nd E (V) = 0.1
Sens 2 (A/V) = 1e-5

Potential/V, i1/A, i2/A, Time/s

0.100, -1.4359411e-8, -1.0084563e-8, 3.3333334e-1
0.099, -1.1499661e-8, -9.3975840e-9, 6.6666669e-1
0.098, -9.8740793e-9, -8.8224397e-9, 1.0000000e+0
0.097, -8.7637293e-9, -8.4629734e-9, 1.3333334e+0
0.096, -7.7931723e-9, -7.9157871e-9, 1.6666667e+0
0.095, -7.2300095e-9, -7.5004047e-9, 2.0000000e+0
0.094, -6.1675891e-9, -7.1329511e-9, 2.3333333e+0
0.093, -5.9678871e-9, -7.0291057e-9, 2.6666665e+0
0.092, -5.3567950e-9, -6.6296995e-9, 2.9999998e+0
0.091, -4.7616799e-9, -6.4100258e-9, 3.3333330e+0
0.090, -4.2184873e-9, -6.2342873e-9, 3.6666663e+0
0.089, -3.7232237e-9, -6.0905010e-9, 3.9999995e+0
0.088, -3.3477821e-9, -6.0305898e-9, 4.3333330e+0
0.087, -3.0562153e-9, -5.6032254e-9, 4.6666665e+0
0.086, -2.6208626e-9, -5.5033742e-9, 5.0000000e+0
0.085, -1.8220500e-9, -5.6231957e-9, 5.3333335e+0
0.084, -1.2189464e-9, -5.4714215e-9, 5.6666670e+0
0.083, -1.0511966e-9, -5.2557421e-9, 6.0000005e+0
0.082, -7.8359386e-10, -5.2038196e-9, 6.3333340e+0
0.081, -7.2651309e-11, -5.0200923e-9, 6.6666675e+0
0.080, 1.1575199e-9, -5.0041158e-9, 7.0000010e+0
0.079, 1.4850334e-9, -4.8044129e-9, 7.3333344e+0
0.078, 1.3052998e-9, -4.7884368e-9, 7.6666679e+0
0.077, 2.0841415e-9, -4.7924309e-9, 8.0000010e+0
0.076, 2.2518938e-9, -4.7325197e-9, 8.3333340e+0
0.075, 3.0067702e-9, -4.8004187e-9, 8.6666670e+0
0.074, 3.1545502e-9, -4.6965734e-9, 9.0000000e+0
0.073, 3.7416767e-9, -4.5727573e-9, 9.3333330e+0
0.072, 3.6138668e-9, -4.6526387e-9, 9.6666660e+0
0.071, 4.1291024e-9, -4.6606266e-9, 9.9999990e+0
0.070, 4.0412322e-9, -4.3730544e-9, 1.0333332e+1
0.069, 4.9478839e-9, -4.5767514e-9, 1.0666665e+1
0.068, 5.1395990e-9, -4.4808939e-9, 1.0999998e+1
0.067, 5.0077960e-9, -4.4409534e-9, 1.1333331e+1
0.066, 5.8705125e-9, -4.3850363e-9, 1.1666664e+1
0.065, 5.9424061e-9, -4.3091495e-9, 1.1999997e+1
0.064, 6.0782046e-9, -4.3171378e-9, 1.2333330e+1
0.063, 6.3737642e-9, -4.2572266e-9, 1.2666663e+1
0.062, 6.4137042e-9, -4.1294168e-9, 1.2999996e+1
0.061, 6.7132593e-9, -4.3930246e-9, 1.3333329e+1
0.060, 6.6773125e-9, -4.1254227e-9, 1.3666662e+1
0.059, 7.0487611e-9, -4.0455412e-9, 1.3999995e+1
0.058, 7.4521616e-9, -4.1573749e-9, 1.4333328e+1
0.057, 7.4042332e-9, -4.0135886e-9, 1.4666661e+1
0.056, 7.4481683e-9, -4.1134403e-9, 1.4999994e+1
0.055, 7.8555615e-9, -4.0375530e-9, 1.5333327e+1
0.054, 8.1511216e-9, -4.0695056e-9, 1.5666660e+1
0.053, 8.0752347e-9, -4.2452446e-9, 1.5999993e+1
0.052, 8.6224219e-9, -4.0375530e-9, 1.6333326e+1
0.051, 8.2829263e-9, -3.9456896e-9, 1.6666660e+1
0.050, 8.1351468e-9, -4.0774939e-9, 1.6999994e+1
0.049, 8.6703498e-9, -4.0934700e-9, 1.7333328e+1
0.048, 8.3388434e-9, -3.9656602e-9, 1.7666662e+1
0.047, 9.0497867e-9, -3.9496841e-9, 1.7999996e+1
0.046, 9.5969712e-9, -3.9177315e-9, 1.8333330e+1
0.045, 9.2215302e-9, -3.9816364e-9, 1.8666664e+1
0.044, 9.3173886e-9, -3.8019032e-9, 1.8999998e+1
0.043, 9.3133927e-9, -4.0335593e-9, 1.9333332e+1
0.042, 9.2494883e-9, -3.9177315e-9, 1.9666666e+1
0.041, 9.7727124e-9, -3.8258676e-9, 2.0000000e+1
0.040, 9.6129487e-9, -3.7340047e-9, 2.0333334e+1
0.039, 9.6528900e-9, -3.7819334e-9, 2.0666668e+1
0.038, 9.5929789e-9, -3.6700996e-9, 2.1000002e+1
0.037, 9.8805497e-9, -3.7180281e-9, 2.1333336e+1
0.036, 9.8685682e-9, -3.7539745e-9, 2.1666670e+1
0.035, 1.0180105e-8, -3.8138857e-9, 2.2000004e+1
0.034, 9.7447534e-9, -3.7619627e-9, 2.2333338e+1
0.033, 1.0467679e-8, -3.7979095e-9, 2.2666672e+1
0.032, 1.0096231e-8, -3.7260164e-9, 2.3000006e+1
0.031, 1.0339869e-8, -3.5822301e-9, 2.3333340e+1
0.030, 1.0403774e-8, -3.8218739e-9, 2.3666674e+1
0.029, 1.0763239e-8, -3.5343013e-9, 2.4000008e+1
0.028, 1.0551554e-8, -3.5942125e-9, 2.4333342e+1
0.027, 1.0419749e-8, -3.7579690e-9, 2.4666676e+1
0.026, 1.0687352e-8, -3.6022005e-9, 2.5000010e+1
0.025, 1.0455695e-8, -3.6541232e-9, 2.5333344e+1
0.024, 1.0607470e-8, -3.7180281e-9, 2.5666677e+1
0.023, 1.1358354e-8, -3.6261649e-9, 2.6000011e+1
0.022, 1.0962943e-8, -3.7100401e-9, 2.6333345e+1
0.021, 1.0974924e-8, -3.8857788e-9, 2.6666679e+1
0.020, 1.1226549e-8, -3.6820818e-9, 2.7000013e+1
0.019, 1.0815162e-8, -3.6980581e-9, 2.7333347e+1
0.018, 1.1082764e-8, -3.7859271e-9, 2.7666681e+1
0.017, 1.1246521e-8, -3.6980581e-9, 2.8000015e+1
0.016, 1.0926995e-8, -3.7419925e-9, 2.8333349e+1
0.015, 1.0899037e-8, -3.6581174e-9, 2.8666683e+1
0.014, 1.1098741e-8, -3.7739452e-9, 2.9000017e+1
0.013, 1.1641933e-8, -3.6301588e-9, 2.9333351e+1
0.012, 1.1178621e-8, -3.6700996e-9, 2.9666685e+1
0.011, 1.1254509e-8, -3.6061945e-9, 3.0000019e+1
0.010, 1.1362347e-8, -3.7419925e-9, 3.0333353e+1
0.009, 1.1637937e-8, -3.6181769e-9, 3.0666687e+1
0.008, 1.1805689e-8, -3.6301588e-9, 3.1000021e+1
0.007, 1.1733795e-8, -3.6980581e-9, 3.1333355e+1
0.006, 1.1681872e-8, -3.6621113e-9, 3.1666689e+1
0.005, 1.1605986e-8, -3.4464323e-9, 3.2000023e+1
0.004, 1.1490157e-8, -3.4823786e-9, 3.2333355e+1
0.003, 1.1877582e-8, -3.5822301e-9, 3.2666687e+1
0.002, 1.1733795e-8, -3.6700996e-9, 3.3000019e+1
0.001, 1.1769743e-8, -3.4464323e-9, 3.3333351e+1
-0.000, 1.1542080e-8, -3.4863727e-9, 3.3666683e+1
-0.001, 1.1709830e-8, -3.5023489e-9, 3.4000015e+1
-0.002, 1.1550069e-8, -3.8058978e-9, 3.4333347e+1
-0.003, 1.1749773e-8, -3.6780876e-9, 3.4666679e+1
-0.004, 1.2197107e-8, -3.7220225e-9, 3.5000011e+1
-0.005, 1.1989416e-8, -3.7579690e-9, 3.5333344e+1
-0.006, 1.2241040e-8, -3.5902181e-9, 3.5666676e+1
-0.007, 1.2117225e-8, -3.6141825e-9, 3.6000008e+1
-0.008, 1.2189119e-8, -3.6341530e-9, 3.6333340e+1
-0.009, 1.2265006e-8, -3.6341530e-9, 3.6666672e+1
-0.010, 1.2284976e-8, -3.5902181e-9, 3.7000004e+1
-0.011, 1.2245036e-8, -3.5462837e-9, 3.7333336e+1
-0.012, 1.2332904e-8, -3.5183250e-9, 3.7666668e+1
-0.013, 1.2109237e-8, -3.5862242e-9, 3.8000000e+1
-0.014, 1.2356869e-8, -3.5223193e-9, 3.8333332e+1
-0.015, 1.2656424e-8, -3.6621113e-9, 3.8666664e+1
-0.016, 1.2548584e-8, -3.6661054e-9, 3.8999996e+1
-0.017, 1.2448733e-8, -3.4584142e-9, 3.9333328e+1
-0.018, 1.2332904e-8, -3.7060461e-9, 3.9666660e+1
-0.019, 1.2760269e-8, -3.6141825e-9, 3.9999992e+1
-0.020, 1.2652429e-8, -3.4743906e-9, 4.0333324e+1
-0.021, 1.2740299e-8, -3.3545686e-9, 4.0666656e+1
-0.022, 1.2492667e-8, -3.3505747e-9, 4.0999989e+1
-0.023, 1.2740299e-8, -3.4624084e-9, 4.1333321e+1
-0.024, 1.2744293e-8, -3.5742420e-9, 4.1666653e+1
-0.025, 1.2924026e-8, -3.4943610e-9, 4.1999985e+1
-0.026, 1.2564561e-8, -3.2946577e-9, 4.2333317e+1
-0.027, 1.2796216e-8, -3.5063430e-9, 4.2666649e+1
-0.028, 1.2868109e-8, -3.4464323e-9, 4.2999981e+1
-0.029, 1.2624470e-8, -3.3425864e-9, 4.3333313e+1
-0.030, 1.2736306e-8, -3.3665508e-9, 4.3666645e+1
-0.031, 1.2496661e-8, -3.4104854e-9, 4.3999977e+1
-0.032, 1.2720330e-8, -3.4064915e-9, 4.4333309e+1
-0.033, 1.2947991e-8, -3.3306042e-9, 4.4666641e+1
-0.034, 1.3187634e-8, -3.4144796e-9, 4.4999973e+1
-0.035, 1.3067813e-8, -3.3945091e-9, 4.5333305e+1
-0.036, 1.2979942e-8, -3.2467289e-9, 4.5666637e+1
-0.037, 1.3115741e-8, -3.4743906e-9, 4.5999969e+1
-0.038, 1.3271509e-8, -3.4544203e-9, 4.6333302e+1
-0.039, 1.3307456e-8, -3.3306042e-9, 4.6666634e+1
-0.040, 1.3027870e-8, -3.4504262e-9, 4.6999966e+1
-0.041, 1.3143699e-8, -3.3865211e-9, 4.7333298e+1
-0.042, 1.2959973e-8, -3.3026459e-9, 4.7666630e+1
-0.043, 1.3423285e-8, -3.3505747e-9, 4.7999962e+1
-0.044, 1.3035860e-8, -3.5063430e-9, 4.8333294e+1
-0.045, 1.3031866e-8, -3.4584142e-9, 4.8666626e+1
-0.046, 1.3363373e-8, -3.4983549e-9, 4.8999958e+1
-0.047, 1.3391331e-8, -3.5303074e-9, 4.9333290e+1
-0.048, 1.3431270e-8, -3.5343013e-9, 4.9666622e+1
-0.049, 1.3571064e-8, -3.4224679e-9, 4.9999954e+1
-0.050, 1.3455236e-8, -3.3745391e-9, 5.0333286e+1
-0.051, 1.3347396e-8, -3.2946577e-9, 5.0666618e+1
-0.052, 1.3491182e-8, -3.6221708e-9, 5.0999950e+1
-0.053, 1.3734821e-8, -3.4024974e-9, 5.1333282e+1
-0.054, 1.3543106e-8, -3.4783847e-9, 5.1666615e+1
-0.055, 1.3571064e-8, -3.4504262e-9, 5.1999947e+1
-0.056, 1.3826685e-8, -3.5143310e-9, 5.2333279e+1
-0.057, 1.3575058e-8, -3.4224679e-9, 5.2666611e+1
-0.058, 1.3818696e-8, -3.4983549e-9, 5.2999943e+1
-0.059, 1.3942511e-8, -3.5822301e-9, 5.3333275e+1
-0.060, 1.4026388e-8, -3.5582657e-9, 5.3666607e+1
-0.061, 1.4014405e-8, -3.5143310e-9, 5.3999939e+1
-0.062, 1.4126238e-8, -3.6022005e-9, 5.4333271e+1
-0.063, 1.3978458e-8, -3.3985035e-9, 5.4666603e+1
-0.064, 1.3970469e-8, -3.7060461e-9, 5.4999935e+1
-0.065, 1.4126238e-8, -3.5462837e-9, 5.5333267e+1
-0.066, 1.4062333e-8, -3.3306042e-9, 5.5666599e+1
-0.067, 1.4433781e-8, -3.5622598e-9, 5.5999931e+1
-0.068, 1.4433781e-8, -3.2826755e-9, 5.6333263e+1
-0.069, 1.4393842e-8, -3.6181769e-9, 5.6666595e+1
-0.070, 1.4593542e-8, -3.5582657e-9, 5.6999928e+1
-0.071, 1.4198131e-8, -3.6980581e-9, 5.7333260e+1
-0.072, 1.4361888e-8, -3.6581174e-9, 5.7666592e+1
-0.073, 1.4565584e-8, -3.5303074e-9, 5.7999924e+1
-0.074, 1.4509668e-8, -3.7140342e-9, 5.8333256e+1
-0.075, 1.4653454e-8, -3.5822301e-9, 5.8666588e+1
-0.076, 1.4649461e-8, -3.3825271e-9, 5.8999920e+1
-0.077, 1.4813218e-8, -3.4304559e-9, 5.9333252e+1
-0.078, 1.4657448e-8, -3.6700996e-9, 5.9666584e+1
-0.079, 1.4813218e-8, -3.6780876e-9, 5.9999916e+1
-0.080, 1.4849163e-8, -3.5742420e-9, 6.0333248e+1
-0.081, 1.4909075e-8, -3.7180281e-9, 6.0666580e+1
-0.082, 1.4949014e-8, -3.5782362e-9, 6.0999912e+1
-0.083, 1.5388361e-8, -3.7859271e-9, 6.1333244e+1
-0.084, 1.5428304e-8, -3.8138857e-9, 6.1666576e+1
-0.085, 1.5168688e-8, -3.7419925e-9, 6.1999908e+1
-0.086, 1.5336440e-8, -3.9416959e-9, 6.2333241e+1
-0.087, 1.5152713e-8, -3.6101886e-9, 6.2666573e+1
-0.088, 1.5408334e-8, -3.7779389e-9, 6.2999905e+1
-0.089, 1.5687917e-8, -3.7220225e-9, 6.3333237e+1
-0.090, 1.5647977e-8, -3.8098915e-9, 6.3666569e+1
-0.091, 1.5348421e-8, -3.8458383e-9, 6.3999901e+1
-0.092, 1.5592061e-8, -3.7300105e-9, 6.4333237e+1
-0.093, 1.5647977e-8, -3.7739452e-9, 6.4666573e+1
-0.094, 1.5612031e-8, -3.4104854e-9, 6.4999908e+1
-0.095, 1.5943536e-8, -3.8658086e-9, 6.5333244e+1
-0.096, 1.5907590e-8, -3.7100401e-9, 6.5666580e+1
-0.097, 1.5903597e-8, -3.7579690e-9, 6.5999916e+1
-0.098, 1.5943536e-8, -3.6780876e-9, 6.6333252e+1
-0.099, 1.5911585e-8, -3.7939154e-9, 6.6666588e+1
-0.100, 1.6107293e-8, -3.8178798e-9, 6.6999924e+1
-0.101, 1.5975491e-8, -3.7619627e-9, 6.7333260e+1
-0.102, 1.6015431e-8, -3.8098915e-9, 6.7666595e+1
-0.103, 1.6079335e-8, -3.8218739e-9, 6.7999931e+1
-0.104, 1.6306997e-8, -3.8378500e-9, 6.8333267e+1
-0.105, 1.6454777e-8, -3.8019032e-9, 6.8666603e+1
-0.106, 1.6538651e-8, -3.8538266e-9, 6.8999939e+1
-0.107, 1.6342943e-8, -3.9496841e-9, 6.9333275e+1
-0.108, 1.6394864e-8, -3.9576720e-9, 6.9666611e+1
-0.109, 1.6326966e-8, -4.0056007e-9, 6.9999947e+1
-0.110, 1.6718385e-8, -3.9976129e-9, 7.0333282e+1
-0.111, 1.6642497e-8, -3.8817847e-9, 7.0666618e+1
-0.112, 1.6918088e-8, -3.8418442e-9, 7.0999954e+1
-0.113, 1.6922082e-8, -3.8338559e-9, 7.1333290e+1
-0.114, 1.6742348e-8, -4.1733514e-9, 7.1666626e+1
-0.115, 1.6906105e-8, -4.1413988e-9, 7.1999962e+1
-0.116, 1.6882142e-8, -4.1094461e-9, 7.2333298e+1
-0.117, 1.6910100e-8, -4.2692090e-9, 7.2666634e+1
-0.118, 1.6981994e-8, -4.0695056e-9, 7.2999969e+1
-0.119, 1.7069862e-8, -4.0655115e-9, 7.3333305e+1
-0.120, 1.7185691e-8, -4.0535295e-9, 7.3666641e+1
-0.121, 1.7129773e-8, -4.3011612e-9, 7.3999977e+1
-0.122, 1.7385394e-8, -4.1933217e-9, 7.4333313e+1
-0.123, 1.7489239e-8, -4.3530841e-9, 7.4666649e+1
-0.124, 1.7525185e-8, -4.2372563e-9, 7.4999985e+1
-0.125, 1.7541161e-8, -4.2532324e-9, 7.5333321e+1
-0.126, 1.7585094e-8, -4.4569295e-9, 7.5666656e+1
-0.127, 1.7852699e-8, -4.2931734e-9, 7.5999992e+1
-0.128, 1.7573113e-8, -4.4968704e-9, 7.6333328e+1
-0.129, 1.7680954e-8, -4.5967217e-9, 7.6666664e+1
-0.130, 1.8004473e-8, -4.3331139e-9, 7.7000000e+1
-0.131, 1.7852699e-8, -4.5168407e-9, 7.7333336e+1
-0.132, 1.7760836e-8, -4.5128465e-9, 7.7666672e+1
-0.133, 1.7860687e-8, -4.4209831e-9, 7.8000008e+1
-0.134, 1.8040419e-8, -4.3970187e-9, 7.8333344e+1
-0.135, 1.8260092e-8, -4.4928763e-9, 7.8666679e+1
-0.136, 1.8523700e-8, -4.6087041e-9, 7.9000015e+1
-0.137, 1.8415861e-8, -4.6047099e-9, 7.9333351e+1
-0.138, 1.8603583e-8, -4.5767514e-9, 7.9666687e+1
-0.139, 1.8296038e-8, -4.5088524e-9, 8.0000023e+1
-0.140, 1.8783314e-8, -4.6326685e-9, 8.0333359e+1
-0.141, 1.8799291e-8, -4.6646211e-9, 8.0666695e+1
-0.142, 1.9022959e-8, -4.7405080e-9, 8.1000031e+1
-0.143, 1.8935088e-8, -4.8443538e-9, 8.1333366e+1
-0.144, 1.9286565e-8, -4.7045616e-9, 8.1666702e+1
-0.145, 1.9386418e-8, -4.7644724e-9, 8.2000038e+1
-0.146, 1.9242632e-8, -4.6925792e-9, 8.2333374e+1
-0.147, 1.9622068e-8, -4.9042650e-9, 8.2666710e+1
-0.148, 1.9534196e-8, -4.7804485e-9, 8.3000046e+1
-0.149, 1.9885675e-8, -4.8523416e-9, 8.3333382e+1
-0.150, 2.0033456e-8, -4.9442050e-9, 8.3666718e+1
-0.151, 2.0157273e-8, -5.0240865e-9, 8.4000053e+1
-0.152, 2.0209194e-8, -4.9921338e-9, 8.4333389e+1
-0.153, 2.0460821e-8, -5.1079621e-9, 8.4666725e+1
-0.154, 2.0520730e-8, -5.2637303e-9, 8.5000061e+1
-0.155, 2.0784340e-8, -5.2038196e-9, 8.5333397e+1
-0.156, 2.1199723e-8, -5.3795577e-9, 8.5666733e+1
-0.157, 2.1123835e-8, -5.3955338e-9, 8.6000069e+1
-0.158, 2.1463329e-8, -5.4155045e-9, 8.6333405e+1
-0.159, 2.1734929e-8, -5.3635816e-9, 8.6666740e+1
-0.160, 2.2210219e-8, -5.3316289e-9, 8.7000076e+1
-0.161, 2.2373975e-8, -5.6391718e-9, 8.7333412e+1
-0.162, 2.2917169e-8, -5.6950884e-9, 8.7666748e+1
-0.163, 2.3452371e-8, -5.7110650e-9, 8.8000084e+1
-0.164, 2.3847782e-8, -5.7230474e-9, 8.8333420e+1
-0.165, 2.4023523e-8, -5.8308869e-9, 8.8666756e+1
-0.166, 2.4714495e-8, -5.9387268e-9, 8.9000092e+1
-0.167, 2.5157837e-8, -5.9147620e-9, 8.9333427e+1
-0.168, 2.5705022e-8, -6.0984893e-9, 8.9666763e+1
-0.169, 2.5956650e-8, -6.1903527e-9, 9.0000099e+1
-0.170, 2.6631646e-8, -6.2462693e-9, 9.0333435e+1
-0.171, 2.7554274e-8, -6.5378361e-9, 9.0666771e+1
-0.172, 2.8357078e-8, -6.5657941e-9, 9.1000107e+1
-0.173, 2.8752490e-8, -6.8014439e-9, 9.1333443e+1
-0.174, 2.9751009e-8, -7.0011468e-9, 9.1666779e+1
-0.175, 3.0605740e-8, -6.8973014e-9, 9.2000114e+1
-0.176, 3.1959722e-8, -7.1329511e-9, 9.2333450e+1
-0.177, 3.2502918e-8, -7.0890165e-9, 9.2666786e+1
-0.178, 3.3697141e-8, -7.5083930e-9, 9.3000122e+1
-0.179, 3.4148471e-8, -7.6801374e-9, 9.3333458e+1
-0.180, 3.5410594e-8, -7.9956681e-9, 9.3666794e+1
-0.181, 3.5618285e-8, -8.1833891e-9, 9.4000130e+1
-0.182, 3.6744613e-8, -8.4549852e-9, 9.4333466e+1
-0.183, 3.7415610e-8, -8.7665226e-9, 9.4666801e+1
-0.184, 3.8210430e-8, -9.0021723e-9, 9.5000137e+1
-0.185, 3.9188972e-8, -9.5533528e-9, 9.5333473e+1
-0.186, 4.0035722e-8, -9.7091206e-9, 9.5666809e+1
-0.187, 4.0854502e-8, -1.0599797e-8, 9.6000145e+1
-0.188, 4.1725205e-8, -1.0887369e-8, 9.6333481e+1
-0.189, 4.2088665e-8, -1.1362663e-8, 9.6666817e+1
-0.190, 4.3027271e-8, -1.1929819e-8, 9.7000153e+1
-0.191, 4.4285404e-8, -1.2716649e-8, 9.7333488e+1
-0.192, 4.5475634e-8, -1.3679218e-8, 9.7666824e+1
-0.193, 4.7033318e-8, -1.4961312e-8, 9.8000160e+1
-0.194, 4.8798686e-8, -1.6227430e-8, 9.8333496e+1
-0.195, 5.1091284e-8, -1.7821060e-8, 9.8666832e+1
-0.196, 5.4006946e-8, -1.9582442e-8, 9.9000168e+1
-0.197, 5.6379417e-8, -2.1547521e-8, 9.9333504e+1
-0.198, 5.9155290e-8, -2.3556533e-8, 9.9666840e+1
-0.199, 6.0896703e-8, -2.5373831e-8, 1.0000018e+2
-0.200, 6.2925686e-8, -2.7007403e-8, 1.0033351e+2
-0.201, 6.4691058e-8, -2.8636981e-8, 1.0066685e+2
-0.202, 6.6556289e-8, -2.9931055e-8, 1.0100018e+2
-0.203, 6.7982171e-8, -3.1396876e-8, 1.0133352e+2
-0.204, 6.9931268e-8, -3.2778821e-8, 1.0166685e+2
-0.205, 7.3585845e-8, -3.4548194e-8, 1.0200019e+2
-0.206, 7.8510517e-8, -3.6257649e-8, 1.0233353e+2
-0.207, 8.3259451e-8, -3.8829828e-8, 1.0266686e+2
-0.208, 8.7113726e-8, -4.2492378e-8, 1.0300020e+2
-0.209, 9.0093295e-8, -4.7281262e-8, 1.0333353e+2
-0.210, 9.2725379e-8, -5.1227392e-8, 1.0366687e+2
-0.211, 9.7586160e-8, -5.3651789e-8, 1.0400021e+2
-0.212, 1.0531068e-7, -5.6263904e-8, 1.0433354e+2
-0.213, 1.1067469e-7, -5.9854571e-8, 1.0466688e+2
-0.214, 1.1502423e-7, -6.4311941e-8, 1.0500021e+2
-0.215, 1.1970127e-7, -7.0091346e-8, 1.0533355e+2
-0.216, 1.2733793e-7, -7.5379489e-8, 1.0566689e+2
-0.217, 1.3502650e-7, -7.9549288e-8, 1.0600022e+2
-0.218, 1.4021478e-7, -8.3403556e-8, 1.0633356e+2
-0.219, 1.4762377e-7, -8.8691692e-8, 1.0666689e+2
-0.220, 1.5808021e-7, -9.7075230e-8, 1.0700023e+2
-0.221, 1.6465845e-7, -1.0340582e-7, 1.0733356e+2
-0.222, 1.7387673e-7, -1.0848626e-7, 1.0766690e+2
-0.223, 1.8587889e-7, -1.1724124e-7, 1.0800024e+2
-0.224, 1.9344763e-7, -1.2641161e-7, 1.0833357e+2
-0.225, 2.0826161e-7, -1.3279812e-7, 1.0866691e+2
-0.226, 2.1656128e-7, -1.4366995e-7, 1.0900024e+2
-0.227, 2.3148708e-7, -1.5275644e-7, 1.0933358e+2
-0.228, 2.4167593e-7, -1.6094427e-7, 1.0966692e+2
-0.229, 2.5799966e-7, -1.7427645e-7, 1.1000025e+2
-0.230, 2.6891144e-7, -1.8267596e-7, 1.1033359e+2
-0.231, 2.8583827e-7, -1.9736612e-7, 1.1066692e+2
-0.232, 3.0306467e-7, -2.0781060e-7, 1.1100026e+2
-0.233, 3.1749519e-7, -2.2391865e-7, 1.1133360e+2
-0.234, 3.3455780e-7, -2.3566918e-7, 1.1166693e+2
-0.235, 3.5391304e-7, -2.5185309e-7, 1.1200027e+2
-0.236, 3.6984136e-7, -2.6894369e-7, 1.1233360e+2
-0.237, 3.8982364e-7, -2.8283105e-7, 1.1266694e+2
-0.238, 4.1042503e-7, -3.0136749e-7, 1.1300027e+2
-0.239, 4.3265197e-7, -3.2090645e-7, 1.1333361e+2
-0.240, 4.5592139e-7, -3.3923521e-7, 1.1366695e+2
-0.241, 4.7916683e-7, -3.5681705e-7, 1.1400028e+2
-0.242, 5.0344272e-7, -3.7642391e-7, 1.1433362e+2
-0.243, 5.2794633e-7, -3.9811965e-7, 1.1466695e+2
-0.244, 5.5328064e-7, -4.2039454e-7, 1.1500029e+2
-0.245, 5.7942975e-7, -4.4252562e-7, 1.1533363e+2
-0.246, 6.0668123e-7, -4.6482847e-7, 1.1566696e+2
-0.247, 6.3438807e-7, -4.8759063e-7, 1.1600030e+2
-0.248, 6.6245434e-7, -5.1315260e-7, 1.1633363e+2
-0.249, 6.9334448e-7, -5.3864272e-7, 1.1666697e+2
-0.250, 7.2258098e-7, -5.6228356e-7, 1.1700031e+2
-0.251, 7.5192935e-7, -5.8777766e-7, 1.1733364e+2
-0.252, 7.8157325e-7, -6.1538464e-7, 1.1766698e+2
-0.253, 8.1245935e-7, -6.4171746e-7, 1.1800031e+2
-0.254, 8.4593756e-7, -6.6826198e-7, 1.1833365e+2
-0.255, 8.7532987e-7, -6.9463482e-7, 1.1866698e+2
-0.256, 9.0648354e-7, -7.2151488e-7, 1.1900032e+2
-0.257, 9.4036517e-7, -7.5020819e-7, 1.1933366e+2
-0.258, 9.7082795e-7, -7.7655301e-7, 1.1966699e+2
-0.259, 1.0008832e-6, -8.0479901e-7, 1.2000033e+2
-0.260, 1.0328037e-6, -8.3258567e-7, 1.2033366e+2
-0.261, 1.0646085e-6, -8.6012471e-7, 1.2066700e+2
-0.262, 1.0947836e-6, -8.8663734e-7, 1.2100034e+2
-0.263, 1.1228499e-6, -9.1375301e-7, 1.2133367e+2
-0.264, 1.1523061e-6, -9.3962257e-7, 1.2166701e+2
-0.265, 1.1823414e-6, -9.6490498e-7, 1.2200034e+2
-0.266, 1.2105235e-6, -9.9013153e-7, 1.2233368e+2
-0.267, 1.2385378e-6, -1.0150943e-6, 1.2266702e+2
-0.268, 1.2648627e-6, -1.0401052e-6, 1.2300035e+2
-0.269, 1.2915590e-6, -1.0642093e-6, 1.2333369e+2
-0.270, 1.3170811e-6, -1.0876346e-6, 1.2366702e+2
-0.271, 1.3417246e-6, -1.1105365e-6, 1.2400036e+2
-0.272, 1.3672425e-6, -1.1332627e-6, 1.2433369e+2
-0.273, 1.3945898e-6, -1.1549744e-6, 1.2466703e+2
-0.274, 1.4203156e-6, -1.1745773e-6, 1.2500037e+2
-0.275, 1.4418437e-6, -1.1948990e-6, 1.2533370e+2
-0.276, 1.4642623e-6, -1.2129482e-6, 1.2566704e+2
-0.277, 1.4863334e-6, -1.2320198e-6, 1.2600037e+2
-0.278, 1.5061320e-6, -1.2498733e-6, 1.2633371e+2
-0.279, 1.5252396e-6, -1.2638485e-6, 1.2666705e+2
-0.280, 1.5406725e-6, -1.2814663e-6, 1.2700038e+2
-0.281, 1.5596086e-6, -1.2985769e-6, 1.2733372e+2
-0.282, 1.5768150e-6, -1.3103354e-6, 1.2766705e+2
-0.283, 1.5889530e-6, -1.3273261e-6, 1.2800038e+2
-0.284, 1.6065028e-6, -1.3385255e-6, 1.2833371e+2
-0.285, 1.6178619e-6, -1.3530997e-6, 1.2866704e+2
-0.286, 1.6324882e-6, -1.3644310e-6, 1.2900037e+2
-0.287, 1.6412232e-6, -1.3780348e-6, 1.2933369e+2
-0.288, 1.6539124e-6, -1.3903884e-6, 1.2966702e+2
-0.289, 1.6612215e-6, -1.4058613e-6, 1.3000035e+2
-0.290, 1.6718976e-6, -1.4151557e-6, 1.3033368e+2
-0.291, 1.6803690e-6, -1.4294303e-6, 1.3066701e+2
-0.292, 1.6856931e-6, -1.4411210e-6, 1.3100034e+2
-0.293, 1.6931699e-6, -1.4511421e-6, 1.3133366e+2
-0.294, 1.7013897e-6, -1.4584713e-6, 1.3166699e+2
-0.295, 1.7068056e-6, -1.4690794e-6, 1.3200032e+2
-0.296, 1.7106878e-6, -1.4758015e-6, 1.3233365e+2
-0.297, 1.7176654e-6, -1.4816886e-6, 1.3266698e+2
-0.298, 1.7250545e-6, -1.4903958e-6, 1.3300031e+2
-0.299, 1.7298195e-6, -1.4983958e-6, 1.3333363e+2
-0.300, 1.7331824e-6, -1.5038597e-6, 1.3366696e+2
-0.301, 1.7366174e-6, -1.5094274e-6, 1.3400029e+2
-0.302, 1.7425605e-6, -1.5183662e-6, 1.3433362e+2
-0.303, 1.7487673e-6, -1.5233308e-6, 1.3466695e+2
-0.304, 1.7531128e-6, -1.5265020e-6, 1.3500027e+2
-0.305, 1.7561003e-6, -1.5313109e-6, 1.3533360e+2
-0.306, 1.7584130e-6, -1.5384722e-6, 1.3566693e+2
-0.307, 1.7627465e-6, -1.5434049e-6, 1.3600026e+2
-0.308, 1.7665168e-6, -1.5466321e-6, 1.3633359e+2
-0.309, 1.7707586e-6, -1.5491524e-6, 1.3666692e+2
-0.310, 1.7741735e-6, -1.5517365e-6, 1.3700024e+2
-0.311, 1.7772370e-6, -1.5542887e-6, 1.3733357e+2
-0.312, 1.7790463e-6, -1.5568609e-6, 1.3766690e+2
-0.313, 1.7807517e-6, -1.5605114e-6, 1.3800023e+2
-0.314, 1.7821496e-6, -1.5654761e-6, 1.3833356e+2
-0.315, 1.7830802e-6, -1.5690308e-6, 1.3866689e+2
-0.316, 1.7844383e-6, -1.5717227e-6, 1.3900021e+2
-0.317, 1.7857922e-6, -1.5733084e-6, 1.3933354e+2
-0.318, 1.7882086e-6, -1.5758526e-6, 1.3966687e+2
-0.319, 1.7915597e-6, -1.5775541e-6, 1.4000020e+2
-0.320, 1.7933011e-6, -1.5787564e-6, 1.4033353e+2
-0.321, 1.7954459e-6, -1.5802940e-6, 1.4066685e+2
-0.322, 1.7976627e-6, -1.5816361e-6, 1.4100018e+2
-0.323, 1.7994560e-6, -1.5854904e-6, 1.4133351e+2
-0.324, 1.8020440e-6, -1.5862971e-6, 1.4166684e+2
-0.325, 1.8035139e-6, -1.5865128e-6, 1.4200017e+2
-0.326, 1.8048639e-6, -1.5870639e-6, 1.4233350e+2
-0.327, 1.8060022e-6, -1.5882861e-6, 1.4266682e+2
-0.328, 1.8072484e-6, -1.5895523e-6, 1.4300015e+2
-0.329, 1.8081950e-6, -1.5910181e-6, 1.4333348e+2
-0.330, 1.8089697e-6, -1.5932868e-6, 1.4366681e+2
-0.331, 1.8105554e-6, -1.5945849e-6, 1.4400014e+2
-0.332, 1.8120293e-6, -1.5958789e-6, 1.4433347e+2
-0.333, 1.8123687e-6, -1.5970652e-6, 1.4466679e+2
-0.334, 1.8132554e-6, -1.5981315e-6, 1.4500012e+2
-0.335, 1.8139424e-6, -1.5994297e-6, 1.4533345e+2
-0.336, 1.8145935e-6, -1.6004881e-6, 1.4566678e+2
-0.337, 1.8153363e-6, -1.6024691e-6, 1.4600011e+2
-0.338, 1.8177926e-6, -1.6037072e-6, 1.4633344e+2
-0.339, 1.8181921e-6, -1.6049215e-6, 1.4666676e+2
-0.340, 1.8187471e-6, -1.6054047e-6, 1.4700009e+2
-0.341, 1.8205925e-6, -1.6056883e-6, 1.4733342e+2
-0.342, 1.8222260e-6, -1.6059599e-6, 1.4766675e+2
-0.343, 1.8240473e-6, -1.6064351e-6, 1.4800008e+2
-0.344, 1.8256211e-6, -1.6063234e-6, 1.4833340e+2
-0.345, 1.8269750e-6, -1.6063274e-6, 1.4866673e+2
-0.346, 1.8282411e-6, -1.6065031e-6, 1.4900006e+2
-0.347, 1.8290918e-6, -1.6066389e-6, 1.4933339e+2
-0.348, 1.8297349e-6, -1.6077412e-6, 1.4966672e+2
-0.349, 1.8301902e-6, -1.6086080e-6, 1.5000005e+2
-0.350, 1.8307694e-6, -1.6090833e-6, 1.5033337e+2
-0.351, 1.8314763e-6, -1.6098940e-6, 1.5066670e+2
-0.352, 1.8320753e-6, -1.6099700e-6, 1.5100003e+2
-0.353, 1.8333974e-6, -1.6101897e-6, 1.5133336e+2
-0.354, 1.8348233e-6, -1.6101017e-6, 1.5166669e+2
-0.355, 1.8362691e-6, -1.6097623e-6, 1.5200002e+2
-0.356, 1.8382942e-6, -1.6100338e-6, 1.5233334e+2
-0.357, 1.8399996e-6, -1.6108447e-6, 1.5266667e+2
-0.358, 1.8411739e-6, -1.6103534e-6, 1.5300000e+2
-0.359, 1.8430991e-6, -1.6116954e-6, 1.5333333e+2
-0.360, 1.8441775e-6, -1.6128097e-6, 1.5366666e+2
-0.361, 1.8451520e-6, -1.6154138e-6, 1.5399998e+2
-0.362, 1.8468415e-6, -1.6167359e-6, 1.5433331e+2
-0.363, 1.8469214e-6, -1.6177263e-6, 1.5466664e+2
-0.364, 1.8466498e-6, -1.6184893e-6, 1.5499997e+2
-0.365, 1.8464341e-6, -1.6199152e-6, 1.5533330e+2
-0.366, 1.8458509e-6, -1.6210735e-6, 1.5566663e+2
-0.367, 1.8448324e-6, -1.6222198e-6, 1.5599995e+2
-0.368, 1.8439458e-6, -1.6231663e-6, 1.5633328e+2
-0.369, 1.8439498e-6, -1.6246602e-6, 1.5666661e+2
-0.370, 1.8439498e-6, -1.6251114e-6, 1.5699994e+2
-0.371, 1.8431429e-6, -1.6258423e-6, 1.5733327e+2
-0.372, 1.8445569e-6, -1.6257425e-6, 1.5766660e+2
-0.373, 1.8441136e-6, -1.6257464e-6, 1.5799992e+2
-0.374, 1.8453795e-6, -1.6269606e-6, 1.5833325e+2
-0.375, 1.8450241e-6, -1.6283626e-6, 1.5866658e+2
-0.376, 1.8448724e-6, -1.6314020e-6, 1.5899991e+2
-0.377, 1.8444770e-6, -1.6343618e-6, 1.5933324e+2
-0.378, 1.8460627e-6, -1.6354560e-6, 1.5966656e+2
-0.379, 1.8480436e-6, -1.6359393e-6, 1.5999989e+2
-0.380, 1.8493018e-6, -1.6365824e-6, 1.6033322e+2
-0.381, 1.8516823e-6, -1.6358194e-6, 1.6066655e+2
-0.382, 1.8541746e-6, -1.6345134e-6, 1.6099988e+2
-0.383, 1.8564152e-6, -1.6322128e-6, 1.6133321e+2
-0.384, 1.8600099e-6, -1.6298123e-6, 1.6166653e+2
-0.385, 1.8640759e-6, -1.6289816e-6, 1.6199986e+2
-0.386, 1.8673430e-6, -1.6285942e-6, 1.6233319e+2
-0.387, 1.8710973e-6, -1.6279073e-6, 1.6266652e+2
-0.388, 1.8738452e-6, -1.6277236e-6, 1.6299985e+2
-0.389, 1.8770645e-6, -1.6280071e-6, 1.6333318e+2
-0.390, 1.8778313e-6, -1.6268369e-6, 1.6366650e+2
-0.391, 1.8789417e-6, -1.6263616e-6, 1.6399983e+2
-0.392, 1.8804875e-6, -1.6269047e-6, 1.6433316e+2
-0.393, 1.8810107e-6, -1.6268729e-6, 1.6466649e+2
-0.394, 1.8819134e-6, -1.6284145e-6, 1.6499982e+2
-0.395, 1.8822568e-6, -1.6279672e-6, 1.6533315e+2
-0.396, 1.8825604e-6, -1.6284145e-6, 1.6566647e+2
-0.397, 1.8834551e-6, -1.6290695e-6, 1.6599980e+2
-0.398, 1.8835549e-6, -1.6296208e-6, 1.6633313e+2
-0.399, 1.8839663e-6, -1.6303358e-6, 1.6666646e+2
-0.400, 1.8849607e-6, -1.6315258e-6, 1.6699979e+2
-0.401, 1.8857397e-6, -1.6319174e-6, 1.6733311e+2
-0.402, 1.8870496e-6, -1.6333672e-6, 1.6766644e+2
-0.403, 1.8888389e-6, -1.6340541e-6, 1.6799977e+2
-0.404, 1.8894422e-6, -1.6342498e-6, 1.6833310e+2
-0.405, 1.8894023e-6, -1.6354401e-6, 1.6866643e+2
-0.406, 1.8919665e-6, -1.6378484e-6, 1.6899976e+2
-0.407, 1.8938874e-6, -1.6375928e-6, 1.6933308e+2
-0.408, 1.8957887e-6, -1.6370258e-6, 1.6966641e+2
-0.409, 1.8975181e-6, -1.6374011e-6, 1.6999974e+2
-0.410, 1.8986684e-6, -1.6374451e-6, 1.7033307e+2
-0.411, 1.8993275e-6, -1.6385834e-6, 1.7066640e+2
-0.412, 1.9008492e-6, -1.6393503e-6, 1.7099973e+2
-0.413, 1.9017878e-6, -1.6390867e-6, 1.7133305e+2
-0.414, 1.9030858e-6, -1.6388790e-6, 1.7166638e+2
-0.415, 1.9037568e-6, -1.6393183e-6, 1.7199971e+2
-0.416, 1.9046156e-6, -1.6394780e-6, 1.7233304e+2
-0.417, 1.9058577e-6, -1.6399853e-6, 1.7266637e+2
-0.418, 1.9071317e-6, -1.6406284e-6, 1.7299969e+2
-0.419, 1.9081901e-6, -1.6398855e-6, 1.7333302e+2
-0.420, 1.9086856e-6, -1.6406683e-6, 1.7366635e+2
-0.421, 1.9092408e-6, -1.6417707e-6, 1.7399968e+2
-0.422, 1.9108263e-6, -1.6422300e-6, 1.7433301e+2
-0.423, 1.9132146e-6, -1.6424096e-6, 1.7466634e+2
-0.424, 1.9160186e-6, -1.6418026e-6, 1.7499966e+2
-0.425, 1.9193856e-6, -1.6405844e-6, 1.7533299e+2
-0.426, 1.9220736e-6, -1.6424656e-6, 1.7566632e+2
-0.427, 1.9250533e-6, -1.6402569e-6, 1.7599965e+2
-0.428, 1.9253887e-6, -1.6395859e-6, 1.7633298e+2
-0.429, 1.9271781e-6, -1.6390827e-6, 1.7666631e+2
-0.430, 1.9287518e-6, -1.6382638e-6, 1.7699963e+2
-0.431, 1.9304252e-6, -1.6377127e-6, 1.7733296e+2
-0.432, 1.9318870e-6, -1.6364945e-6, 1.7766629e+2
-0.433, 1.9339359e-6, -1.6361710e-6, 1.7799962e+2
-0.434, 1.9348465e-6, -1.6372095e-6, 1.7833295e+2
-0.435, 1.9354857e-6, -1.6380162e-6, 1.7866628e+2
-0.436, 1.9365682e-6, -1.6385834e-6, 1.7899960e+2
-0.437, 1.9362565e-6, -1.6398615e-6, 1.7933293e+2
-0.438, 1.9348506e-6, -1.6428052e-6, 1.7966626e+2
-0.439, 1.9336005e-6, -1.6438237e-6, 1.7999959e+2
-0.440, 1.9329575e-6, -1.6452295e-6, 1.8033292e+2
-0.441, 1.9325701e-6, -1.6460083e-6, 1.8066624e+2
-0.442, 1.9316115e-6, -1.6469190e-6, 1.8099957e+2
-0.443, 1.9310403e-6, -1.6485845e-6, 1.8133290e+2
-0.444, 1.9318111e-6, -1.6503579e-6, 1.8166623e+2
-0.445, 1.9303814e-6, -1.6511088e-6, 1.8199956e+2
-0.446, 1.9291790e-6, -1.6513525e-6, 1.8233289e+2
-0.447, 1.9281047e-6, -1.6523948e-6, 1.8266621e+2
-0.448, 1.9275096e-6, -1.6536011e-6, 1.8299954e+2
-0.449, 1.9264751e-6, -1.6551068e-6, 1.8333287e+2
-0.450, 1.9259398e-6, -1.6568043e-6, 1.8366620e+2
-0.451, 1.9260556e-6, -1.6579427e-6, 1.8399953e+2
-0.452, 1.9258400e-6, -1.6583301e-6, 1.8433286e+2
-0.453, 1.9268225e-6, -1.6585697e-6, 1.8466618e+2
-0.454, 1.9278330e-6, -1.6596200e-6, 1.8499951e+2
-0.455, 1.9296822e-6, -1.6587175e-6, 1.8533284e+2
-0.456, 1.9328934e-6, -1.6566964e-6, 1.8566617e+2
-0.457, 1.9377862e-6, -1.6540483e-6, 1.8599950e+2
-0.458, 1.9444963e-6, -1.6524427e-6, 1.8633282e+2
-0.459, 1.9497127e-6, -1.6516201e-6, 1.8666615e+2
-0.460, 1.9534111e-6, -1.6497469e-6, 1.8699948e+2
-0.461, 1.9576087e-6, -1.6472585e-6, 1.8733281e+2
-0.462, 1.9618624e-6, -1.6455849e-6, 1.8766614e+2
-0.463, 1.9648062e-6, -1.6441791e-6, 1.8799947e+2
-0.464, 1.9662159e-6, -1.6430566e-6, 1.8833279e+2
-0.465, 1.9666434e-6, -1.6430407e-6, 1.8866612e+2
-0.466, 1.9652493e-6, -1.6432645e-6, 1.8899945e+2
-0.467, 1.9659085e-6, -1.6443308e-6, 1.8933278e+2
-0.468, 1.9643348e-6, -1.6445985e-6, 1.8966611e+2
-0.469, 1.9620143e-6, -1.6454970e-6, 1.8999944e+2
-0.470, 1.9603965e-6, -1.6469229e-6, 1.9033276e+2
-0.471, 1.9586234e-6, -1.6482371e-6, 1.9066609e+2
-0.472, 1.9558433e-6, -1.6498706e-6, 1.9099942e+2
-0.473, 1.9542019e-6, -1.6516600e-6, 1.9133275e+2
-0.474, 1.9526760e-6, -1.6535611e-6, 1.9166608e+2
-0.475, 1.9513341e-6, -1.6566524e-6, 1.9199940e+2
-0.476, 1.9502838e-6, -1.6586736e-6, 1.9233273e+2
-0.477, 1.9493211e-6, -1.6611099e-6, 1.9266606e+2
-0.478, 1.9495290e-6, -1.6631309e-6, 1.9299939e+2
-0.479, 1.9497165e-6, -1.6646726e-6, 1.9333272e+2
-0.480, 1.9508188e-6, -1.6647085e-6, 1.9366605e+2
-0.481, 1.9518932e-6, -1.6646408e-6, 1.9399937e+2
-0.482, 1.9530314e-6, -1.6639857e-6, 1.9433270e+2
-0.483, 1.9543857e-6, -1.6626157e-6, 1.9466603e+2
-0.484, 1.9557235e-6, -1.6627714e-6, 1.9499936e+2
-0.485, 1.9564905e-6, -1.6614293e-6, 1.9533269e+2
-0.486, 1.9581680e-6, -1.6596082e-6, 1.9566602e+2
-0.487, 1.9596418e-6, -1.6582861e-6, 1.9599934e+2
-0.488, 1.9610995e-6, -1.6579346e-6, 1.9633267e+2
-0.489, 1.9629408e-6, -1.6570958e-6, 1.9666600e+2
-0.490, 1.9651936e-6, -1.6564927e-6, 1.9699933e+2
-0.491, 1.9655970e-6, -1.6572835e-6, 1.9733266e+2
-0.492, 1.9661720e-6, -1.6576869e-6, 1.9766599e+2
-0.493, 1.9655090e-6, -1.6580144e-6, 1.9799931e+2
-0.494, 1.9647941e-6, -1.6600754e-6, 1.9833264e+2
-0.495, 1.9622898e-6, -1.6621602e-6, 1.9866597e+2
-0.496, 1.9604645e-6, -1.6639735e-6, 1.9899930e+2
-0.497, 1.9578645e-6, -1.6656272e-6, 1.9933263e+2
-0.498, 1.9570377e-6, -1.6680117e-6, 1.9966595e+2
-0.499, 1.9553802e-6, -1.6691019e-6, 1.9999928e+2
-0.500, 1.9516535e-6, -1.6691380e-6, 2.0033261e+2
-0.499, 1.9490456e-6, -1.6693537e-6, 2.0066594e+2
-0.498, 1.9467730e-6, -1.6697969e-6, 2.0099927e+2
-0.497, 1.9425152e-6, -1.6696132e-6, 2.0133260e+2
-0.496, 1.9375466e-6, -1.6697489e-6, 2.0166592e+2
-0.495, 1.9340916e-6, -1.6703123e-6, 2.0199925e+2
-0.494, 1.9313998e-6, -1.6701085e-6, 2.0233258e+2
-0.493, 1.9296265e-6, -1.6703082e-6, 2.0266591e+2
-0.492, 1.9278930e-6, -1.6704920e-6, 2.0299924e+2
-0.491, 1.9269503e-6, -1.6705918e-6, 2.0333257e+2
-0.490, 1.9247416e-6, -1.6706357e-6, 2.0366589e+2
-0.489, 1.9226088e-6, -1.6708274e-6, 2.0399922e+2
-0.488, 1.9204399e-6, -1.6713707e-6, 2.0433255e+2
-0.487, 1.9174963e-6, -1.6717701e-6, 2.0466588e+2
-0.486, 1.9154313e-6, -1.6715863e-6, 2.0499921e+2
-0.485, 1.9124800e-6, -1.6720018e-6, 2.0533253e+2
-0.484, 1.9104630e-6, -1.6721496e-6, 2.0566586e+2
-0.483, 1.9087975e-6, -1.6728006e-6, 2.0599919e+2
-0.482, 1.9065287e-6, -1.6718259e-6, 2.0633252e+2
-0.481, 1.9055982e-6, -1.6715024e-6, 2.0666585e+2
-0.480, 1.9047275e-6, -1.6711630e-6, 2.0699918e+2
-0.479, 1.9042920e-6, -1.6706117e-6, 2.0733250e+2
-0.478, 1.9050310e-6, -1.6697691e-6, 2.0766583e+2
-0.477, 1.9041283e-6, -1.6689622e-6, 2.0799916e+2
-0.476, 1.9051308e-6, -1.6692458e-6, 2.0833249e+2
-0.475, 1.9047235e-6, -1.6684430e-6, 2.0866582e+2
-0.474, 1.9033654e-6, -1.6667775e-6, 2.0899915e+2
-0.473, 1.9027544e-6, -1.6667016e-6, 2.0933247e+2
-0.472, 1.9021113e-6, -1.6668893e-6, 2.0966580e+2
-0.471, 1.9012687e-6, -1.6667375e-6, 2.0999913e+2
-0.470, 1.9001503e-6, -1.6668293e-6, 2.1033246e+2
-0.469, 1.8989880e-6, -1.6673447e-6, 2.1066579e+2
-0.468, 1.8978376e-6, -1.6673806e-6, 2.1099911e+2
-0.467, 1.8962239e-6, -1.6672967e-6, 2.1133244e+2
-0.466, 1.8949899e-6, -1.6671569e-6, 2.1166577e+2
-0.465, 1.8944867e-6, -1.6668214e-6, 2.1199910e+2
-0.464, 1.8933762e-6, -1.6662782e-6, 2.1233243e+2
-0.463, 1.8933843e-6, -1.6649282e-6, 2.1266576e+2
-0.462, 1.8937397e-6, -1.6628393e-6, 2.1299908e+2
-0.461, 1.8946383e-6, -1.6604909e-6, 2.1333241e+2
-0.460, 1.8952775e-6, -1.6584777e-6, 2.1366574e+2
-0.459, 1.8978417e-6, -1.6555741e-6, 2.1399907e+2
-0.458, 1.8977578e-6, -1.6536131e-6, 2.1433240e+2
-0.457, 1.8987243e-6, -1.6522110e-6, 2.1466573e+2
-0.456, 1.8999625e-6, -1.6505336e-6, 2.1499905e+2
-0.455, 1.9010688e-6, -1.6493074e-6, 2.1533238e+2
-0.454, 1.9013685e-6, -1.6484847e-6, 2.1566571e+2
-0.453, 1.9016439e-6, -1.6479055e-6, 2.1599904e+2
-0.452, 1.9012805e-6, -1.6475620e-6, 2.1633237e+2
-0.451, 1.9011486e-6, -1.6471107e-6, 2.1666570e+2
-0.450, 1.9009730e-6, -1.6475620e-6, 2.1699902e+2
-0.449, 1.9005297e-6, -1.6463918e-6, 2.1733235e+2
-0.448, 1.8990958e-6, -1.6460843e-6, 2.1766568e+2
-0.447, 1.8992955e-6, -1.6458725e-6, 2.1799901e+2
-0.446, 1.8976859e-6, -1.6459765e-6, 2.1833234e+2
-0.445, 1.8961762e-6, -1.6459165e-6, 2.1866566e+2
-0.444, 1.8944627e-6, -1.6460802e-6, 2.1899899e+2
-0.443, 1.8931406e-6, -1.6463280e-6, 2.1933232e+2
-0.442, 1.8908360e-6, -1.6466514e-6, 2.1966565e+2
-0.441, 1.8878965e-6, -1.6473583e-6, 2.1999898e+2
-0.440, 1.8855438e-6, -1.6478974e-6, 2.2033231e+2
-0.439, 1.8833072e-6, -1.6482969e-6, 2.2066563e+2
-0.438, 1.8818015e-6, -1.6483210e-6, 2.2099896e+2
-0.437, 1.8811744e-6, -1.6484167e-6, 2.2133229e+2
-0.436, 1.8797845e-6, -1.6483448e-6, 2.2166562e+2
-0.435, 1.8789857e-6, -1.6480453e-6, 2.2199895e+2
-0.434, 1.8785304e-6, -1.6480134e-6, 2.2233228e+2
-0.433, 1.8774160e-6, -1.6478176e-6, 2.2266560e+2
-0.432, 1.8761418e-6, -1.6475381e-6, 2.2299893e+2
-0.431, 1.8754309e-6, -1.6471946e-6, 2.2333226e+2
-0.430, 1.8748038e-6, -1.6469629e-6, 2.2366559e+2
-0.429, 1.8755668e-6, -1.6462600e-6, 2.2399892e+2
-0.428, 1.8745402e-6, -1.6463118e-6, 2.2433224e+2
-0.427, 1.8741050e-6, -1.6455250e-6, 2.2466557e+2
-0.426, 1.8731542e-6, -1.6446104e-6, 2.2499890e+2
-0.425, 1.8729667e-6, -1.6441272e-6, 2.2533223e+2
-0.424, 1.8723835e-6, -1.6429090e-6, 2.2566556e+2
-0.423, 1.8723036e-6, -1.6419863e-6, 2.2599889e+2
-0.422, 1.8728748e-6, -1.6406443e-6, 2.2633221e+2
-0.421, 1.8723116e-6, -1.6392224e-6, 2.2666554e+2
-0.420, 1.8730904e-6, -1.6376209e-6, 2.2699887e+2
-0.419, 1.8728507e-6, -1.6362709e-6, 2.2733220e+2
-0.418, 1.8726231e-6, -1.6353522e-6, 2.2766553e+2
-0.417, 1.8723356e-6, -1.6354879e-6, 2.2799886e+2
-0.416, 1.8712573e-6, -1.6345695e-6, 2.2833218e+2
-0.415, 1.8682136e-6, -1.6354960e-6, 2.2866551e+2
-0.414, 1.8660450e-6, -1.6368460e-6, 2.2899884e+2
-0.413, 1.8634847e-6, -1.6386913e-6, 2.2933217e+2
-0.412, 1.8598980e-6, -1.6412234e-6, 2.2966550e+2
-0.411, 1.8572620e-6, -1.6435001e-6, 2.2999883e+2
-0.410, 1.8552570e-6, -1.6453293e-6, 2.3033215e+2
-0.409, 1.8533917e-6, -1.6466274e-6, 2.3066548e+2
-0.408, 1.8512868e-6, -1.6477137e-6, 2.3099881e+2
-0.407, 1.8489623e-6, -1.6486564e-6, 2.3133214e+2
-0.406, 1.8460786e-6, -1.6496349e-6, 2.3166547e+2
-0.405, 1.8442014e-6, -1.6501702e-6, 2.3199879e+2
-0.404, 1.8415853e-6, -1.6499345e-6, 2.3233212e+2
-0.403, 1.8388732e-6, -1.6498467e-6, 2.3266545e+2
-0.402, 1.8365487e-6, -1.6495632e-6, 2.3299878e+2
-0.401, 1.8352067e-6, -1.6492596e-6, 2.3333211e+2
-0.400, 1.8334972e-6, -1.6490837e-6, 2.3366544e+2
-0.399, 1.8323190e-6, -1.6489040e-6, 2.3399876e+2
-0.398, 1.8314364e-6, -1.6486923e-6, 2.3433209e+2
-0.397, 1.8309810e-6, -1.6483688e-6, 2.3466542e+2
-0.396, 1.8303621e-6, -1.6479174e-6, 2.3499875e+2
-0.395, 1.8296510e-6, -1.6475980e-6, 2.3533208e+2
-0.394, 1.8293954e-6, -1.6475660e-6, 2.3566541e+2
-0.393, 1.8290160e-6, -1.6468152e-6, 2.3599873e+2
-0.392, 1.8283529e-6, -1.6465794e-6, 2.3633206e+2
-0.391, 1.8274304e-6, -1.6463040e-6, 2.3666539e+2
-0.390, 1.8272985e-6, -1.6462600e-6, 2.3699872e+2
-0.389, 1.8266634e-6, -1.6456249e-6, 2.3733205e+2
-0.388, 1.8268792e-6, -1.6446544e-6, 2.3766537e+2
-0.387, 1.8262441e-6, -1.6439553e-6, 2.3799870e+2
-0.386, 1.8266995e-6, -1.6430847e-6, 2.3833203e+2
-0.385, 1.8266475e-6, -1.6415150e-6, 2.3866536e+2
-0.384, 1.8269550e-6, -1.6397337e-6, 2.3899869e+2
-0.383, 1.8263520e-6, -1.6371935e-6, 2.3933202e+2
-0.382, 1.8262082e-6, -1.6352643e-6, 2.3966534e+2
-0.381, 1.8263480e-6, -1.6338944e-6, 2.3999867e+2
-0.380, 1.8266235e-6, -1.6325084e-6, 2.4033200e+2
-0.379, 1.8267473e-6, -1.6313421e-6, 2.4066533e+2
-0.378, 1.8269111e-6, -1.6301639e-6, 2.4099866e+2
-0.377, 1.8276700e-6, -1.6291095e-6, 2.4133199e+2
-0.376, 1.8281213e-6, -1.6282468e-6, 2.4166531e+2
-0.375, 1.8293156e-6, -1.6270884e-6, 2.4199864e+2
-0.374, 1.8305776e-6, -1.6253111e-6, 2.4233197e+2
-0.373, 1.8319116e-6, -1.6237375e-6, 2.4266530e+2
-0.372, 1.8333335e-6, -1.6225033e-6, 2.4299863e+2
-0.371, 1.8353305e-6, -1.6212372e-6, 2.4333195e+2
-0.370, 1.8375753e-6, -1.6201707e-6, 2.4366528e+2
-0.369, 1.8467895e-6, -1.6201867e-6, 2.4399861e+2
-0.368, 1.8465539e-6, -1.6165920e-6, 2.4433194e+2
-0.367, 1.8469533e-6, -1.6117114e-6, 2.4466527e+2
-0.366, 1.8471769e-6, -1.6098222e-6, 2.4499860e+2
-0.365, 1.8474007e-6, -1.6093549e-6, 2.4533192e+2
-0.364, 1.8479359e-6, -1.6083044e-6, 2.4566525e+2
-0.363, 1.8477001e-6, -1.6073219e-6, 2.4599858e+2
-0.362, 1.8467496e-6, -1.6070783e-6, 2.4633191e+2
-0.361, 1.8461145e-6, -1.6069984e-6, 2.4666524e+2
-0.360, 1.8452797e-6, -1.6064751e-6, 2.4699857e+2
-0.359, 1.8444450e-6, -1.6064712e-6, 2.4733189e+2
-0.358, 1.8440057e-6, -1.6062155e-6, 2.4766522e+2
-0.357, 1.8424400e-6, -1.6055285e-6, 2.4799855e+2
-0.356, 1.8410740e-6, -1.6051571e-6, 2.4833188e+2
-0.355, 1.8406187e-6, -1.6041107e-6, 2.4866521e+2
-0.354, 1.8385978e-6, -1.6040068e-6, 2.4899854e+2
-0.353, 1.8393047e-6, -1.6036273e-6, 2.4933186e+2
-0.352, 1.8379667e-6, -1.6033558e-6, 2.4966519e+2
-0.351, 1.8374395e-6, -1.6026369e-6, 2.4999852e+2
-0.350, 1.8370041e-6, -1.6016384e-6, 2.5033185e+2
-0.349, 1.8362812e-6, -1.6007755e-6, 2.5066518e+2
-0.348, 1.8346077e-6, -1.6007955e-6, 2.5099850e+2
-0.347, 1.8331738e-6, -1.6001326e-6, 2.5133183e+2
-0.346, 1.8311168e-6, -1.5999728e-6, 2.5166516e+2
-0.345, 1.8293115e-6, -1.6000967e-6, 2.5199849e+2
-0.344, 1.8270268e-6, -1.6000886e-6, 2.5233182e+2
-0.343, 1.8252615e-6, -1.6002645e-6, 2.5266515e+2
-0.342, 1.8228012e-6, -1.6002405e-6, 2.5299847e+2
-0.341, 1.8202691e-6, -1.6000967e-6, 2.5333180e+2
-0.340, 1.8172055e-6, -1.6005680e-6, 2.5366513e+2
-0.339, 1.8148850e-6, -1.5995055e-6, 2.5399846e+2
-0.338, 1.8114301e-6, -1.5992420e-6, 2.5433179e+2
-0.337, 1.8088060e-6, -1.5990940e-6, 2.5466512e+2
-0.336, 1.8073721e-6, -1.5988545e-6, 2.5499844e+2
-0.335, 1.8058744e-6, -1.5985189e-6, 2.5533177e+2
-0.334, 1.8043128e-6, -1.5984350e-6, 2.5566510e+2
-0.333, 1.8027830e-6, -1.5983832e-6, 2.5599843e+2
-0.332, 1.8007980e-6, -1.5980397e-6, 2.5633176e+2
-0.331, 1.7982737e-6, -1.5977481e-6, 2.5666510e+2
-0.330, 1.7955698e-6, -1.5973646e-6, 2.5699844e+2
-0.329, 1.7923984e-6, -1.5971010e-6, 2.5733179e+2
-0.328, 1.7889755e-6, -1.5972009e-6, 2.5766513e+2
-0.327, 1.7856485e-6, -1.5967137e-6, 2.5799847e+2
-0.326, 1.7830923e-6, -1.5963461e-6, 2.5833182e+2
-0.325, 1.7813948e-6, -1.5960826e-6, 2.5866516e+2
-0.324, 1.7796654e-6, -1.5959469e-6, 2.5899850e+2
-0.323, 1.7778719e-6, -1.5954075e-6, 2.5933185e+2
-0.322, 1.7756154e-6, -1.5945967e-6, 2.5966519e+2
-0.321, 1.7707627e-6, -1.5936222e-6, 2.5999854e+2
-0.320, 1.7667445e-6, -1.5920126e-6, 2.6033188e+2
-0.319, 1.7631899e-6, -1.5889651e-6, 2.6066522e+2
-0.318, 1.7604659e-6, -1.5866046e-6, 2.6099857e+2
-0.317, 1.7585447e-6, -1.5834014e-6, 2.6133191e+2
-0.316, 1.7568274e-6, -1.5802581e-6, 2.6166525e+2
-0.315, 1.7547903e-6, -1.5783369e-6, 2.6199860e+2
-0.314, 1.7527534e-6, -1.5765356e-6, 2.6233194e+2
-0.313, 1.7497898e-6, -1.5745068e-6, 2.6266528e+2
-0.312, 1.7449889e-6, -1.5721622e-6, 2.6299863e+2
-0.311, 1.7396887e-6, -1.5698974e-6, 2.6333197e+2
-0.310, 1.7358026e-6, -1.5664347e-6, 2.6366531e+2
-0.309, 1.7329987e-6, -1.5614301e-6, 2.6399866e+2
-0.308, 1.7305624e-6, -1.5566013e-6, 2.6433200e+2
-0.307, 1.7262167e-6, -1.5529627e-6, 2.6466534e+2
-0.306, 1.7210166e-6, -1.5495358e-6, 2.6499869e+2
-0.305, 1.7148097e-6, -1.5464884e-6, 2.6533203e+2
-0.304, 1.7093258e-6, -1.5418672e-6, 2.6566537e+2
-0.303, 1.7058111e-6, -1.5365951e-6, 2.6599872e+2
-0.302, 1.7006309e-6, -1.5313149e-6, 2.6633206e+2
-0.301, 1.6921595e-6, -1.5273687e-6, 2.6666541e+2
-0.300, 1.6845468e-6, -1.5242255e-6, 2.6699875e+2
-0.299, 1.6787195e-6, -1.5213617e-6, 2.6733209e+2
-0.298, 1.6680992e-6, -1.5156782e-6, 2.6766544e+2
-0.297, 1.6592843e-6, -1.5081533e-6, 2.6799878e+2
-0.296, 1.6527381e-6, -1.5040155e-6, 2.6833212e+2
-0.295, 1.6401249e-6, -1.4989629e-6, 2.6866547e+2
-0.294, 1.6330833e-6, -1.4913542e-6, 2.6899881e+2
-0.293, 1.6230622e-6, -1.4818323e-6, 2.6933215e+2
-0.292, 1.6116592e-6, -1.4751224e-6, 2.6966550e+2
-0.291, 1.6049690e-6, -1.4661158e-6, 2.6999884e+2
-0.290, 1.5912973e-6, -1.4546649e-6, 2.7033218e+2
-0.289, 1.5834211e-6, -1.4463732e-6, 2.7066553e+2
-0.288, 1.5724974e-6, -1.4319387e-6, 2.7099887e+2
-0.287, 1.5605111e-6, -1.4166253e-6, 2.7133221e+2
-0.286, 1.5488845e-6, -1.4054540e-6, 2.7166556e+2
-0.285, 1.5355282e-6, -1.3874927e-6, 2.7199890e+2
-0.284, 1.5205904e-6, -1.3747436e-6, 2.7233224e+2
-0.283, 1.5059962e-6, -1.3578448e-6, 2.7266559e+2
-0.282, 1.4886141e-6, -1.3456669e-6, 2.7299893e+2
-0.281, 1.4686077e-6, -1.3296788e-6, 2.7333228e+2
-0.280, 1.4508103e-6, -1.3125042e-6, 2.7366562e+2
-0.279, 1.4332084e-6, -1.2986528e-6, 2.7399896e+2
-0.278, 1.4093719e-6, -1.2803439e-6, 2.7433231e+2
-0.277, 1.3873366e-6, -1.2604377e-6, 2.7466565e+2
-0.276, 1.3616468e-6, -1.2428677e-6, 2.7499899e+2
-0.275, 1.3382416e-6, -1.2259209e-6, 2.7533234e+2
-0.274, 1.3142973e-6, -1.2048762e-6, 2.7566568e+2
-0.273, 1.2901851e-6, -1.1832244e-6, 2.7599902e+2
-0.272, 1.2648308e-6, -1.1609336e-6, 2.7633237e+2
-0.271, 1.2382144e-6, -1.1383352e-6, 2.7666571e+2
-0.270, 1.2119933e-6, -1.1156609e-6, 2.7699905e+2
-0.269, 1.1842026e-6, -1.0921798e-6, 2.7733240e+2
-0.268, 1.1537919e-6, -1.0675084e-6, 2.7766574e+2
-0.267, 1.1246472e-6, -1.0428731e-6, 2.7799908e+2
-0.266, 1.0961056e-6, -1.0176346e-6, 2.7833243e+2
-0.265, 1.0663819e-6, -9.9221631e-7, 2.7866577e+2
-0.264, 1.0344493e-6, -9.6600331e-7, 2.7899911e+2
-0.263, 1.0023011e-6, -9.4008988e-7, 2.7933246e+2
-0.262, 9.7207806e-7, -9.1439210e-7, 2.7966580e+2
-0.261, 9.4018145e-7, -8.8697283e-7, 2.7999915e+2
-0.260, 9.0719453e-7, -8.5999295e-7, 2.8033249e+2
-0.259, 8.7594100e-7, -8.3238598e-7, 2.8066583e+2
-0.258, 8.4444378e-7, -8.0288186e-7, 2.8099918e+2
-0.257, 8.1149682e-7, -7.7481963e-7, 2.8133252e+2
-0.256, 7.7996765e-7, -7.4748425e-7, 2.8166586e+2
-0.255, 7.5012002e-7, -7.1982936e-7, 2.8199921e+2
-0.254, 7.1950956e-7, -6.9206266e-7, 2.8233255e+2
-0.253, 6.8869133e-7, -6.6547415e-7, 2.8266589e+2
-0.252, 6.5831250e-7, -6.3763559e-7, 2.8299924e+2
-0.251, 6.3020627e-7, -6.0969307e-7, 2.8333258e+2
-0.250, 6.0326630e-7, -5.8094781e-7, 2.8366592e+2
-0.249, 5.7467287e-7, -5.5479870e-7, 2.8399927e+2
-0.248, 5.4687018e-7, -5.3025121e-7, 2.8433261e+2
-0.247, 5.2093674e-7, -5.0448551e-7, 2.8466595e+2
-0.246, 4.9521896e-7, -4.7972634e-7, 2.8499930e+2
-0.245, 4.6778376e-7, -4.5688427e-7, 2.8533264e+2
-0.244, 4.4533311e-7, -4.3518054e-7, 2.8566599e+2
-0.243, 4.2238722e-7, -4.1454322e-7, 2.8599933e+2
-0.242, 3.9995658e-7, -3.9334677e-7, 2.8633267e+2
-0.241, 3.7862031e-7, -3.7248577e-7, 2.8666602e+2
-0.240, 3.5788315e-7, -3.5193233e-7, 2.8699936e+2
-0.239, 3.3660675e-7, -3.3320816e-7, 2.8733270e+2
-0.238, 3.1837786e-7, -3.1624137e-7, 2.8766605e+2
-0.237, 3.0122339e-7, -2.9887121e-7, 2.8799939e+2
-0.236, 2.8423665e-7, -2.8027085e-7, 2.8833273e+2
-0.235, 2.6513305e-7, -2.6551680e-7, 2.8866608e+2
-0.234, 2.5181686e-7, -2.5083062e-7, 2.8899942e+2
-0.233, 2.3675923e-7, -2.3454285e-7, 2.8933276e+2
-0.232, 2.2118638e-7, -2.2343536e-7, 2.8966611e+2
-0.231, 2.1085376e-7, -2.0727937e-7, 2.8999945e+2
-0.230, 1.9594792e-7, -1.9735813e-7, 2.9033279e+2
-0.229, 1.8635019e-7, -1.8257211e-7, 2.9066614e+2
-0.228, 1.7351327e-7, -1.7440026e-7, 2.9099948e+2
-0.227, 1.6426301e-7, -1.6139960e-7, 2.9133282e+2
-0.226, 1.5625093e-7, -1.5298011e-7, 2.9166617e+2
-0.225, 1.4434862e-7, -1.4473238e-7, 2.9199951e+2
-0.224, 1.3795014e-7, -1.3367281e-7, 2.9233286e+2
-0.223, 1.2998998e-7, -1.2771767e-7, 2.9266620e+2
-0.222, 1.2065586e-7, -1.1903058e-7, 2.9299954e+2
-0.221, 1.1516003e-7, -1.1000002e-7, 2.9333289e+2
-0.220, 1.0987589e-7, -1.0451217e-7, 2.9366623e+2
-0.219, 1.0080138e-7, -9.9527583e-8, 2.9399957e+2
-0.218, 9.3592092e-8, -9.1739167e-8, 2.9433292e+2
-0.217, 8.9993449e-8, -8.5388606e-8, 2.9466626e+2
-0.216, 8.5819650e-8, -8.1226794e-8, 2.9499960e+2
-0.215, 7.9824559e-8, -7.7867789e-8, 2.9533295e+2
-0.214, 7.3625777e-8, -7.3566184e-8, 2.9566629e+2
-0.213, 6.8768998e-8, -6.8150236e-8, 2.9599963e+2
-0.212, 6.6408511e-8, -6.3537094e-8, 2.9633298e+2
-0.211, 6.4095943e-8, -5.9511077e-8, 2.9666632e+2
-0.210, 6.1112381e-8, -5.6343787e-8, 2.9699966e+2
-0.209, 5.7677486e-8, -5.3919390e-8, 2.9733301e+2
-0.208, 5.3335938e-8, -5.1962299e-8, 2.9766635e+2
-0.207, 4.9321912e-8, -4.9306252e-8, 2.9799969e+2
-0.206, 4.6206544e-8, -4.5555826e-8, 2.9833304e+2
-0.205, 4.4337323e-8, -4.1973152e-8, 2.9866638e+2
-0.204, 4.2108631e-8, -3.8729976e-8, 2.9899973e+2
-0.203, 4.0950354e-8, -3.6493301e-8, 2.9933307e+2
-0.202, 3.9049183e-8, -3.5091382e-8, 2.9966641e+2
-0.201, 3.7715168e-8, -3.3681481e-8, 2.9999976e+2
-0.200, 3.5937813e-8, -3.2283559e-8, 3.0033310e+2
-0.199, 3.3880870e-8, -3.1157231e-8, 3.0066644e+2
-0.198, 3.1803953e-8, -3.0246586e-8, 3.0099979e+2
-0.197, 2.9627193e-8, -2.9072332e-8, 3.0133313e+2
-0.196, 2.8089477e-8, -2.8049852e-8, 3.0166647e+2
-0.195, 2.6080466e-8, -2.7015391e-8, 3.0199982e+2
-0.194, 2.4870264e-8, -2.5793209e-8, 3.0233316e+2
-0.193, 2.2805335e-8, -2.4403274e-8, 3.0266650e+2
-0.192, 2.1710962e-8, -2.3432719e-8, 3.0299985e+2
-0.191, 2.1143805e-8, -2.2050772e-8, 3.0333319e+2
-0.190, 2.0209194e-8, -2.0720748e-8, 3.0366653e+2
-0.189, 1.9426359e-8, -1.9642352e-8, 3.0399988e+2
-0.188, 1.8911123e-8, -1.8528009e-8, 3.0433322e+2
-0.187, 1.8272075e-8, -1.7517511e-8, 3.0466656e+2
-0.186, 1.7860687e-8, -1.6770622e-8, 3.0499991e+2
-0.185, 1.7405364e-8, -1.6007755e-8, 3.0533325e+2
-0.184, 1.7149743e-8, -1.4865455e-8, 3.0566660e+2
-0.183, 1.6790279e-8, -1.4354215e-8, 3.0599994e+2
-0.182, 1.6075340e-8, -1.4202441e-8, 3.0633328e+2
-0.181, 1.5779779e-8, -1.3515463e-8, 3.0666663e+2
-0.180, 1.5727856e-8, -1.3048156e-8, 3.0699997e+2
-0.179, 1.4901087e-8, -1.2484993e-8, 3.0733331e+2
-0.178, 1.4817211e-8, -1.2289285e-8, 3.0766666e+2
-0.177, 1.4569579e-8, -1.1786033e-8, 3.0800000e+2
-0.176, 1.4242066e-8, -1.1566360e-8, 3.0833334e+2
-0.175, 1.3902572e-8, -1.1362663e-8, 3.0866669e+2
-0.174, 1.3511152e-8, -1.1019173e-8, 3.0900003e+2
-0.173, 1.3183639e-8, -1.0803494e-8, 3.0933337e+2
-0.172, 1.3131718e-8, -1.0547874e-8, 3.0966672e+2
-0.171, 1.2752281e-8, -1.0551868e-8, 3.1000006e+2
-0.170, 1.2596512e-8, -1.0128497e-8, 3.1033340e+2
-0.169, 1.2364858e-8, -1.0036634e-8, 3.1066675e+2
-0.168, 1.2245036e-8, -9.8169606e-9, 3.1100009e+2
-0.167, 1.1777731e-8, -9.7211030e-9, 3.1133344e+2
-0.166, 1.1853618e-8, -9.6292396e-9, 3.1166678e+2
-0.165, 1.1510127e-8, -9.4175547e-9, 3.1200012e+2
-0.164, 1.1174627e-8, -9.1179997e-9, 3.1233347e+2
-0.163, 1.1026847e-8, -8.9582377e-9, 3.1266681e+2
-0.162, 1.0783209e-8, -8.9662251e-9, 3.1300015e+2
-0.161, 1.0703327e-8, -8.7345695e-9, 3.1333350e+2
-0.160, 1.0371820e-8, -8.5668193e-9, 3.1366684e+2
-0.159, 1.0168124e-8, -8.6826466e-9, 3.1400018e+2
-0.158, 9.9963788e-9, -8.4030622e-9, 3.1433353e+2
-0.157, 9.8246336e-9, -8.2433003e-9, 3.1466687e+2
-0.156, 9.7527399e-9, -8.1634184e-9, 3.1500021e+2
-0.155, 9.3653165e-9, -8.1114964e-9, 3.1533356e+2
-0.154, 9.1336618e-9, -8.1953715e-9, 3.1566690e+2
-0.153, 9.5610249e-9, -8.0515852e-9, 3.1600024e+2
-0.152, 9.2015595e-9, -7.9237754e-9, 3.1633359e+2
-0.151, 9.2335135e-9, -7.9197813e-9, 3.1666693e+2
-0.150, 8.5145819e-9, -7.6921198e-9, 3.1700027e+2
-0.149, 8.5625098e-9, -7.7080955e-9, 3.1733362e+2
-0.148, 8.6304102e-9, -7.4724458e-9, 3.1766696e+2
-0.147, 8.3628082e-9, -7.7280662e-9, 3.1800031e+2
-0.146, 8.4227185e-9, -7.5004047e-9, 3.1833365e+2
-0.145, 7.8875146e-9, -7.4165296e-9, 3.1866699e+2
-0.144, 8.3068894e-9, -7.3326540e-9, 3.1900034e+2
-0.143, 7.6878113e-9, -7.2967077e-9, 3.1933368e+2
-0.142, 7.2284947e-9, -7.3366482e-9, 3.1966702e+2
-0.141, 7.7437283e-9, -7.3007014e-9, 3.2000037e+2
-0.140, 7.3523094e-9, -7.1688979e-9, 3.2033371e+2
-0.139, 7.6318951e-9, -7.2048438e-9, 3.2066705e+2
-0.138, 7.5360358e-9, -7.0930106e-9, 3.2100040e+2
-0.137, 6.4017227e-9, -6.9731887e-9, 3.2133374e+2
-0.136, 7.0128148e-9, -6.9652009e-9, 3.2166708e+2
-0.135, 6.7931412e-9, -6.8693433e-9, 3.2200043e+2
-0.134, 6.8490578e-9, -6.9332482e-9, 3.2233377e+2
-0.133, 7.4162148e-9, -6.9252599e-9, 3.2266711e+2
-0.132, 6.7252430e-9, -6.8294024e-9, 3.2300046e+2
-0.131, 6.5614865e-9, -6.8493726e-9, 3.2333380e+2
-0.130, 6.3338246e-9, -6.7335448e-9, 3.2366714e+2
-0.129, 6.2579359e-9, -6.5618000e-9, 3.2400049e+2
-0.128, 6.5095627e-9, -6.4819190e-9, 3.2433383e+2
-0.127, 6.3617827e-9, -6.4659424e-9, 3.2466718e+2
-0.126, 5.9503944e-9, -6.5018892e-9, 3.2500052e+2
-0.125, 5.9264291e-9, -6.4140200e-9, 3.2533386e+2
-0.124, 5.6907790e-9, -6.3780736e-9, 3.2566721e+2
-0.123, 5.5589759e-9, -6.4020376e-9, 3.2600055e+2
-0.122, 5.2314624e-9, -6.6097288e-9, 3.2633389e+2
-0.121, 5.1395990e-9, -6.2183108e-9, 3.2666724e+2
-0.120, 6.0821974e-9, -6.2822161e-9, 3.2700058e+2
-0.119, 5.3792424e-9, -6.0465664e-9, 3.2733392e+2
-0.118, 5.0317590e-9, -6.0186078e-9, 3.2766727e+2
-0.117, 4.6363473e-9, -5.9347323e-9, 3.2800061e+2
-0.116, 5.5949227e-9, -6.1064771e-9, 3.2833395e+2
-0.115, 5.0756941e-9, -6.0425722e-9, 3.2866730e+2
-0.114, 4.3927111e-9, -5.9187562e-9, 3.2900064e+2
-0.113, 4.8919673e-9, -5.8588454e-9, 3.2933398e+2
-0.112, 4.6403423e-9, -5.7909459e-9, 3.2966733e+2
-0.111, 4.5245141e-9, -5.9307381e-9, 3.3000067e+2
-0.110, 4.1770307e-9, -5.7510059e-9, 3.3033401e+2
-0.109, 3.7816190e-9, -5.6551483e-9, 3.3066736e+2
-0.108, 4.2289541e-9, -5.6910952e-9, 3.3100070e+2
-0.107, 4.6403423e-9, -5.5672786e-9, 3.3133405e+2
-0.106, 4.0012922e-9, -5.4314806e-9, 3.3166739e+2
-0.105, 4.2529171e-9, -5.5632849e-9, 3.3200073e+2
-0.104, 3.7536605e-9, -5.5832547e-9, 3.3233408e+2
-0.103, 3.7416767e-9, -5.3515996e-9, 3.3266742e+2
-0.102, 3.5899039e-9, -5.3675757e-9, 3.3300076e+2
-0.101, 3.4780707e-9, -5.3755640e-9, 3.3333411e+2
-0.100, 3.5020336e-9, -5.3196469e-9, 3.3366745e+2
-0.099, 3.5459686e-9, -5.4913913e-9, 3.3400079e+2
-0.098, 3.0586937e-9, -5.2637303e-9, 3.3433414e+2
-0.097, 3.0147587e-9, -5.2717182e-9, 3.3466748e+2
-0.096, 3.4860568e-9, -5.2317777e-9, 3.3500082e+2
-0.095, 2.9868004e-9, -5.2038196e-9, 3.3533417e+2
-0.094, 2.9588421e-9, -5.0440567e-9, 3.3566751e+2
-0.093, 2.7511502e-9, -5.0520446e-9, 3.3600085e+2
-0.092, 2.8190505e-9, -5.0600333e-9, 3.3633420e+2
-0.091, 2.8829554e-9, -4.8683182e-9, 3.3666754e+2
-0.090, 2.4755602e-9, -4.8363655e-9, 3.3700089e+2
-0.089, 2.7990783e-9, -4.8403597e-9, 3.3733423e+2
-0.088, 2.5314768e-9, -4.9202411e-9, 3.3766757e+2
-0.087, 2.9588421e-9, -4.9641757e-9, 3.3800092e+2
-0.086, 2.5075138e-9, -4.8842943e-9, 3.3833426e+2
-0.085, 2.9069185e-9, -4.8363655e-9, 3.3866760e+2
-0.084, 2.3557385e-9, -4.8203894e-9, 3.3900095e+2
-0.083, 2.9149070e-9, -4.8203894e-9, 3.3933429e+2
-0.082, 2.6592868e-9, -4.7445021e-9, 3.3966763e+2
-0.081, 2.5194953e-9, -4.7724606e-9, 3.4000098e+2
-0.080, 2.4875415e-9, -4.7484963e-9, 3.4033432e+2
-0.079, 3.4580985e-9, -4.7165436e-9, 3.4066766e+2
-0.078, 3.2983369e-9, -4.4968704e-9, 3.4100101e+2
-0.077, 2.2838451e-9, -4.7484963e-9, 3.4133435e+2
-0.076, 3.0507052e-9, -4.6566329e-9, 3.4166769e+2
-0.075, 2.6552938e-9, -4.6486446e-9, 3.4200104e+2
-0.074, 2.9668303e-9, -4.5807456e-9, 3.4233438e+2
-0.073, 2.5594351e-9, -4.5527870e-9, 3.4266772e+2
-0.072, 2.6872451e-9, -4.5727573e-9, 3.4300107e+2
-0.071, 2.1879887e-9, -4.4888822e-9, 3.4333441e+2
-0.070, 2.3357687e-9, -4.4729060e-9, 3.4366776e+2
-0.069, 2.7271871e-9, -4.5128465e-9, 3.4400110e+2
-0.068, 2.6552938e-9, -4.5447992e-9, 3.4433444e+2
-0.067, 2.4196436e-9, -4.4769002e-9, 3.4466779e+2
-0.066, 2.0521902e-9, -4.4249773e-9, 3.4500113e+2
-0.065, 2.9428653e-9, -4.4529358e-9, 3.4533447e+2
-0.064, 2.4915370e-9, -4.5967217e-9, 3.4566782e+2
-0.063, 2.2838451e-9, -4.4369592e-9, 3.4600116e+2
-0.062, 2.3956783e-9, -4.2652148e-9, 3.4633450e+2
-0.061, 2.3797038e-9, -4.4090007e-9, 3.4666785e+2
-0.060, 2.7431617e-9, -4.3331139e-9, 3.4700119e+2
-0.059, 2.3557385e-9, -4.2492387e-9, 3.4733453e+2
-0.058, 2.8270366e-9, -4.2332622e-9, 3.4766788e+2
-0.057, 2.5834004e-9, -4.2132919e-9, 3.4800122e+2
-0.056, 2.8789602e-9, -4.2771968e-9, 3.4833456e+2
-0.055, 2.8829554e-9, -4.2132919e-9, 3.4866791e+2
-0.054, 2.4476019e-9, -4.2532324e-9, 3.4900125e+2
-0.053, 2.5194953e-9, -4.1254227e-9, 3.4933459e+2
-0.052, 2.3717153e-9, -4.1853334e-9, 3.4966794e+2
-0.051, 2.6712683e-9, -4.1853334e-9, 3.5000128e+2
-0.050, 2.8989300e-9, -3.9576720e-9, 3.5033463e+2
-0.049, 2.7191986e-9, -4.0415471e-9, 3.5066797e+2
-0.048, 3.0067702e-9, -4.0295651e-9, 3.5100131e+2
-0.047, 2.7591385e-9, -3.9297134e-9, 3.5133466e+2
-0.046, 3.2743717e-9, -4.0135886e-9, 3.5166800e+2
-0.045, 3.0187517e-9, -4.2013100e-9, 3.5200134e+2
-0.044, 2.9548466e-9, -4.0814880e-9, 3.5233469e+2
-0.043, 3.1146103e-9, -3.7899213e-9, 3.5266803e+2
-0.042, 2.9388720e-9, -3.9656602e-9, 3.5300137e+2
-0.041, 2.9947886e-9, -3.9257197e-9, 3.5333472e+2
-0.040, 3.1505571e-9, -3.9456896e-9, 3.5366806e+2
-0.039, 3.1425686e-9, -3.9337076e-9, 3.5400140e+2
-0.038, 2.5075138e-9, -3.9177315e-9, 3.5433475e+2
-0.037, 3.2663834e-9, -3.9856305e-9, 3.5466809e+2
-0.036, 2.9348768e-9, -3.8578203e-9, 3.5500143e+2
-0.035, 2.5953817e-9, -3.9017554e-9, 3.5533478e+2
-0.034, 2.8230436e-9, -3.8258676e-9, 3.5566812e+2
-0.033, 3.2064738e-9, -3.8218739e-9, 3.5600146e+2
-0.032, 3.1545502e-9, -3.8098915e-9, 3.5633481e+2
-0.031, 3.2703786e-9, -3.8458383e-9, 3.5666815e+2
-0.030, 3.3023300e-9, -3.8458383e-9, 3.5700150e+2
-0.029, 3.1505571e-9, -3.7340047e-9, 3.5733484e+2
-0.028, 2.8709717e-9, -3.7340047e-9, 3.5766818e+2
-0.027, 3.8535122e-9, -3.6501293e-9, 3.5800153e+2
-0.026, 3.2144620e-9, -3.8618144e-9, 3.5833487e+2
-0.025, 3.7057324e-9, -3.7899213e-9, 3.5866821e+2
-0.024, 3.3622420e-9, -3.6820818e-9, 3.5900156e+2
-0.023, 3.4820637e-9, -3.6740937e-9, 3.5933490e+2
-0.022, 3.4221541e-9, -3.7699510e-9, 3.5966824e+2
-0.021, 3.2424203e-9, -3.8658086e-9, 3.6000159e+2
-0.020, 3.4381284e-9, -3.9496841e-9, 3.6033493e+2
-0.019, 3.0427170e-9, -3.6820818e-9, 3.6066827e+2
-0.018, 3.0147587e-9, -3.6181769e-9, 3.6100162e+2
-0.017, 3.6258505e-9, -3.6900698e-9, 3.6133496e+2
-0.016, 2.9828049e-9, -3.7180281e-9, 3.6166830e+2
-0.015, 3.4660868e-9, -3.5942125e-9, 3.6200165e+2
-0.014, 3.3981888e-9, -3.6860757e-9, 3.6233499e+2
-0.013, 3.6578018e-9, -3.5223193e-9, 3.6266833e+2
-0.012, 3.3902003e-9, -3.5942125e-9, 3.6300168e+2
-0.011, 3.6138668e-9, -3.4743906e-9, 3.6333502e+2
-0.010, 2.6233400e-9, -3.5622598e-9, 3.6366837e+2
-0.009, 3.5699339e-9, -3.5143310e-9, 3.6400171e+2
-0.008, 4.0212620e-9, -3.5023489e-9, 3.6433505e+2
-0.007, 3.6138668e-9, -3.5702481e-9, 3.6466840e+2
-0.006, 3.4421239e-9, -3.6421413e-9, 3.6500174e+2
-0.005, 3.4980405e-9, -3.3186220e-9, 3.6533508e+2
-0.004, 3.1545502e-9, -3.3625567e-9, 3.6566843e+2
-0.003, 3.6258505e-9, -3.4024974e-9, 3.6600177e+2
-0.002, 3.3902003e-9, -3.2986516e-9, 3.6633511e+2
-0.001, 3.3742236e-9, -3.3825271e-9, 3.6666846e+2
-0.000, 3.8615009e-9, -3.2666991e-9, 3.6700180e+2
0.001, 3.8055821e-9, -3.2706933e-9, 3.6733514e+2
0.002, 3.4461169e-9, -3.3186220e-9, 3.6766849e+2
0.003, 3.4021819e-9, -3.4544203e-9, 3.6800183e+2
0.004, 3.2384251e-9, -3.1069369e-9, 3.6833517e+2
0.005, 3.1146103e-9, -3.2666991e-9, 3.6866852e+2
0.006, 3.4341354e-9, -3.3785330e-9, 3.6900186e+2
0.007, 3.4580985e-9, -3.2387408e-9, 3.6933521e+2
0.008, 3.2264436e-9, -3.2307528e-9, 3.6966855e+2
0.009, 3.8934522e-9, -3.5063430e-9, 3.7000189e+2
0.010, 3.5659387e-9, -3.1908121e-9, 3.7033524e+2
0.011, 3.5539571e-9, -3.2706933e-9, 3.7066858e+2
0.012, 3.1465617e-9, -3.1988001e-9, 3.7100192e+2
0.013, 3.6178622e-9, -2.9911089e-9, 3.7133527e+2
0.014, 3.7536605e-9, -3.2507228e-9, 3.7166861e+2
0.015, 3.3822118e-9, -3.1868181e-9, 3.7200195e+2
0.016, 3.2903487e-9, -3.3345984e-9, 3.7233530e+2
0.017, 3.8295469e-9, -3.2267589e-9, 3.7266864e+2
0.018, 3.6018852e-9, -3.1029426e-9, 3.7300198e+2
0.019, 3.3862073e-9, -3.3226160e-9, 3.7333533e+2
0.020, 3.5020336e-9, -3.1269070e-9, 3.7366867e+2
0.021, 3.7776235e-9, -3.1588596e-9, 3.7400201e+2
0.022, 3.1305871e-9, -2.9911089e-9, 3.7433536e+2
0.023, 3.4541054e-9, -3.1788301e-9, 3.7466870e+2
0.024, 3.8295469e-9, -3.1668477e-9, 3.7500204e+2
0.025, 3.1385756e-9, -3.1828240e-9, 3.7533539e+2
0.026, 3.1465617e-9, -3.0070850e-9, 3.7566873e+2
0.027, 3.0986336e-9, -3.0190674e-9, 3.7600208e+2
0.028, 3.5659387e-9, -3.1508713e-9, 3.7633542e+2
0.029, 3.5299919e-9, -3.1828240e-9, 3.7666876e+2
0.030, 3.6298435e-9, -3.0350438e-9, 3.7700211e+2
0.031, 3.2943439e-9, -3.2227645e-9, 3.7733545e+2
0.032, 3.8015888e-9, -3.1029426e-9, 3.7766879e+2
0.033, 3.9493688e-9, -2.9791267e-9, 3.7800214e+2
0.034, 3.0227469e-9, -3.0510199e-9, 3.7833548e+2
0.035, 3.6418275e-9, -3.0590082e-9, 3.7866882e+2
0.036, 3.5579502e-9, -2.9751328e-9, 3.7900217e+2
0.037, 2.9628351e-9, -2.9791267e-9, 3.7933551e+2
0.038, 3.8095771e-9, -3.0190674e-9, 3.7966885e+2
0.039, 3.3143139e-9, -3.0590082e-9, 3.8000220e+2
0.040, 3.0626868e-9, -3.0030911e-9, 3.8033554e+2
0.041, 3.9333918e-9, -3.0350438e-9, 3.8066888e+2
0.042, 3.2983369e-9, -2.8632992e-9, 3.8100223e+2
0.043, 3.3342837e-9, -2.9511684e-9, 3.8133557e+2
0.044, 3.1625385e-9, -2.8433287e-9, 3.8166891e+2
0.045, 3.2384251e-9, -2.8992455e-9, 3.8200226e+2
0.046, 3.6498136e-9, -2.8712872e-9, 3.8233560e+2
0.047, 3.5020336e-9, -2.7474711e-9, 3.8266895e+2
0.048, 3.4860568e-9, -2.8992455e-9, 3.8300229e+2
0.049, 3.2064738e-9, -2.9871150e-9, 3.8333563e+2
0.050, 3.0067702e-9, -2.6875602e-9, 3.8366898e+2
0.051, 2.8310319e-9, -2.7714355e-9, 3.8400232e+2
0.052, 2.6832521e-9, -2.7514653e-9, 3.8433566e+2
0.053, 3.2783671e-9, -2.9831206e-9, 3.8466901e+2
0.054, 3.1026288e-9, -2.5917026e-9, 3.8500235e+2
0.055, 3.1665339e-9, -2.6915545e-9, 3.8533569e+2
0.056, 2.8510019e-9, -2.8393348e-9, 3.8566904e+2
0.057, 2.5993772e-9, -2.8073821e-9, 3.8600238e+2
0.058, 3.0786635e-9, -2.7434772e-9, 3.8633572e+2
0.059, 2.8070668e-9, -2.8233584e-9, 3.8666907e+2
0.060, 2.7950853e-9, -2.5397799e-9, 3.8700241e+2
0.061, 3.0387239e-9, -2.6995426e-9, 3.8733575e+2
0.062, 2.5554421e-9, -2.6755782e-9, 3.8766910e+2
0.063, 2.8869485e-9, -2.8153704e-9, 3.8800244e+2
0.064, 2.6233400e-9, -2.7314948e-9, 3.8833578e+2
0.065, 2.6832521e-9, -2.5917026e-9, 3.8866913e+2
0.066, 2.5834004e-9, -2.6516138e-9, 3.8900247e+2
0.067, 2.2319215e-9, -2.6795721e-9, 3.8933582e+2
0.068, 1.6647659e-9, -2.5038334e-9, 3.8966916e+2
0.069, 2.5194953e-9, -2.5956970e-9, 3.9000250e+2
0.070, 2.4436089e-9, -2.3440709e-9, 3.9033585e+2
0.071, 2.0521902e-9, -2.5717326e-9, 3.9066919e+2
0.072, 1.9882851e-9, -2.2322373e-9, 3.9100253e+2
0.073, 1.6168364e-9, -2.3001363e-9, 3.9133588e+2
0.074, 2.0921300e-9, -2.4159641e-9, 3.9166922e+2
0.075, 1.7246766e-9, -2.3520590e-9, 3.9200256e+2
0.076, 1.6328133e-9, -2.5677382e-9, 3.9233591e+2
0.077, 1.8604751e-9, -2.3999878e-9, 3.9266925e+2
0.078, 1.5529315e-9, -2.2522075e-9, 3.9300259e+2
0.079, 1.2693531e-9, -2.2522075e-9, 3.9333594e+2
0.080, 1.6727543e-9, -2.3520590e-9, 3.9366928e+2
0.081, 1.2973125e-9, -2.1843085e-9, 3.9400262e+2
0.082, 1.4011573e-9, -2.0884510e-9, 3.9433597e+2
0.083, 1.4610682e-9, -2.2601958e-9, 3.9466931e+2
0.084, 1.1814839e-9, -2.0445163e-9, 3.9500266e+2
0.085, 4.9849969e-10, -2.0485105e-9, 3.9533600e+2
0.086, 7.2216727e-10, -2.1124154e-9, 3.9566934e+2
0.087, 5.1846960e-10, -2.0804629e-9, 3.9600269e+2
0.088, 9.4982910e-10, -2.0285402e-9, 3.9633603e+2
0.089, 8.6994723e-10, -2.0285402e-9, 3.9666937e+2
0.090, 4.7453563e-10, -2.0085698e-9, 3.9700272e+2
0.091, 1.8696300e-10, -1.9606410e-9, 3.9733606e+2
0.092, 1.0708114e-10, -2.0365283e-9, 3.9766940e+2
0.093, 1.5501049e-10, -1.6610864e-9, 3.9800275e+2
0.094, 5.1846960e-10, -1.4374190e-9, 3.9833609e+2
0.095, -4.7205712e-10, -1.5851992e-9, 3.9866943e+2
0.096, -2.8433628e-10, -1.6770626e-9, 3.9900278e+2
0.097, -5.1199806e-10, -1.4973299e-9, 3.9933612e+2
0.098, -6.0386141e-10, -1.4653774e-9, 3.9966946e+2
0.099, -1.1259224e-10, -1.4573892e-9, 4.0000281e+2
