Dec. 15, 2005   04:28:07
Square Wave Voltammetry
File: z:\users\scottsaunders\git\labwork\ida\12_04_18_psoralen_biofilm\data\swv\control_100um_pyo_tran_swv_35.txt
Data Source:  Experiment
Instrument Model:  CHI760B
Header: 
Note: 

Init E (V) = 0.1
Final E (V) = -0.5
Incr E (V) = 0.001
Amplitude (V) = 0.025
Frequency (Hz) = 15
Quiet Time (sec) = 2
Sensitivity (A/V) = 1e-7
Sens 2 (A/V) = 1e-7

Potential/V, i1/A, i2/A

0.099, 9.4987719e-8, 6.5860704e-8
0.098, 1.0866883e-7, 7.4037558e-8
0.097, 1.0790635e-7, 7.3657361e-8
0.096, 1.0679582e-7, 7.3118414e-8
0.095, 1.0595906e-7, 7.2709888e-8
0.094, 1.0510446e-7, 7.2092234e-8
0.093, 1.0422435e-7, 7.1652067e-8
0.092, 1.0330280e-7, 7.1227277e-8
0.091, 1.0258626e-7, 7.0827127e-8
0.090, 1.0184185e-7, 7.0347966e-8
0.089, 1.0106555e-7, 6.9903841e-8
0.088, 1.0030816e-7, 6.9549117e-8
0.087, 9.9414244e-8, 6.9153174e-8
0.086, 9.8826433e-8, 6.8761281e-8
0.085, 9.8062657e-8, 6.8263034e-8
0.084, 9.7490570e-8, 6.7968777e-8
0.083, 9.6831769e-8, 6.7675693e-8
0.082, 9.6084655e-8, 6.7347813e-8
0.081, 9.5462369e-8, 6.6916797e-8
0.080, 9.4821189e-8, 6.6504512e-8
0.079, 9.4275066e-8, 6.6241853e-8
0.078, 9.3634718e-8, 6.5971022e-8
0.077, 9.3055895e-8, 6.5657296e-8
0.076, 9.2451202e-8, 6.5244166e-8
0.075, 9.1914302e-8, 6.4905180e-8
0.074, 9.1281855e-8, 6.4585635e-8
0.073, 9.0657089e-8, 6.4356797e-8
0.072, 9.0196721e-8, 6.4042098e-8
0.071, 8.9596170e-8, 6.3617605e-8
0.070, 8.9133081e-8, 6.3371232e-8
0.069, 8.8624297e-8, 6.3145627e-8
0.068, 8.8015113e-8, 6.2892376e-8
0.067, 8.7587580e-8, 6.2574991e-8
0.066, 8.7081979e-8, 6.2243792e-8
0.065, 8.6540240e-8, 6.1954950e-8
0.064, 8.6044913e-8, 6.1817850e-8
0.063, 8.5584077e-8, 6.1461293e-8
0.062, 8.5057799e-8, 6.1074324e-8
0.061, 8.4694520e-8, 6.0965299e-8
0.060, 8.4191520e-8, 6.0777857e-8
0.059, 8.3774133e-8, 6.0492923e-8
0.058, 8.3289081e-8, 6.0125956e-8
0.057, 8.2914930e-8, 5.9933392e-8
0.056, 8.2422090e-8, 5.9716548e-8
0.055, 8.1999282e-8, 5.9521771e-8
0.054, 8.1543988e-8, 5.9190189e-8
0.053, 8.1164046e-8, 5.8933530e-8
0.052, 8.0783046e-8, 5.8815576e-8
0.051, 8.0417635e-8, 5.8665258e-8
0.050, 7.9943447e-8, 5.8276161e-8
0.049, 7.9616186e-8, 5.8109656e-8
0.048, 7.9244870e-8, 5.7950167e-8
0.047, 7.8799502e-8, 5.7670363e-8
0.046, 7.8460303e-8, 5.7443486e-8
0.045, 7.8091581e-8, 5.7234629e-8
0.044, 7.7641964e-8, 5.7064625e-8
0.043, 7.7394425e-8, 5.6919891e-8
0.042, 7.6952006e-8, 5.6586845e-8
0.041, 7.6596748e-8, 5.6407764e-8
0.040, 7.6337038e-8, 5.6375026e-8
0.039, 7.5992887e-8, 5.6052428e-8
0.038, 7.5704008e-8, 5.5905097e-8
0.037, 7.5203182e-8, 5.5691082e-8
0.036, 7.4867536e-8, 5.5476324e-8
0.035, 7.4593480e-8, 5.5250929e-8
0.034, 7.4311032e-8, 5.5134858e-8
0.033, 7.3943667e-8, 5.5026870e-8
0.032, 7.3689151e-8, 5.4783811e-8
0.031, 7.3387938e-8, 5.4588142e-8
0.030, 7.3069415e-8, 5.4473826e-8
0.029, 7.2754318e-8, 5.4312245e-8
0.028, 7.2419965e-8, 5.4028163e-8
0.027, 7.2197572e-8, 5.3904678e-8
0.026, 7.1800976e-8, 5.3791577e-8
0.025, 7.1587266e-8, 5.3621072e-8
0.024, 7.1257112e-8, 5.3343857e-8
0.023, 7.1020906e-8, 5.3259846e-8
0.022, 7.0670197e-8, 5.3190689e-8
0.021, 7.0513707e-8, 5.2946326e-8
0.020, 7.0249278e-8, 5.2764619e-8
0.019, 6.9885516e-8, 5.2646584e-8
0.018, 6.9700860e-8, 5.2547083e-8
0.017, 6.9358535e-8, 5.2257001e-8
0.016, 6.9177844e-8, 5.2191307e-8
0.015, 6.8882755e-8, 5.2110870e-8
0.014, 6.8648973e-8, 5.1924189e-8
0.013, 6.8375854e-8, 5.1694041e-8
0.012, 6.8166401e-8, 5.1623402e-8
0.011, 6.7899080e-8, 5.1542841e-8
0.010, 6.7722979e-8, 5.1398700e-8
0.009, 6.7400677e-8, 5.1113375e-8
0.008, 6.7236570e-8, 5.1064490e-8
0.007, 6.6931690e-8, 5.0989019e-8
0.006, 6.6810458e-8, 5.0845621e-8
0.005, 6.6500135e-8, 5.0614538e-8
0.004, 6.6336206e-8, 5.0522196e-8
0.003, 6.6120670e-8, 5.0444722e-8
0.002, 6.5867638e-8, 5.0387062e-8
0.001, 6.5679146e-8, 5.0194878e-8
-0.000, 6.5446955e-8, 4.9979068e-8
-0.001, 6.5231411e-8, 4.9914711e-8
-0.002, 6.5015278e-8, 4.9840562e-8
-0.003, 6.4815211e-8, 4.9733419e-8
-0.004, 6.4679455e-8, 4.9620301e-8
-0.005, 6.4512101e-8, 4.9433901e-8
-0.006, 6.4275071e-8, 4.9347715e-8
-0.007, 6.4059705e-8, 4.9283614e-8
-0.008, 6.3913312e-8, 4.9234256e-8
-0.009, 6.3727775e-8, 4.9061953e-8
-0.010, 6.3529839e-8, 4.8884687e-8
-0.011, 6.3410667e-8, 4.8865957e-8
-0.012, 6.3134188e-8, 4.8794817e-8
-0.013, 6.3060725e-8, 4.8720040e-8
-0.014, 6.2889363e-8, 4.8537437e-8
-0.015, 6.2683796e-8, 4.8439876e-8
-0.016, 6.2504874e-8, 4.8354870e-8
-0.017, 6.2371122e-8, 4.8412460e-8
-0.018, 6.2236779e-8, 4.8277862e-8
-0.019, 6.1996730e-8, 4.8034710e-8
-0.020, 6.1967441e-8, 4.8047315e-8
-0.021, 6.1708441e-8, 4.7960057e-8
-0.022, 6.1586675e-8, 4.7953428e-8
-0.023, 6.1512623e-8, 4.7880739e-8
-0.024, 6.1242702e-8, 4.7657327e-8
-0.025, 6.1205910e-8, 4.7646207e-8
-0.026, 6.1054266e-8, 4.7576464e-8
-0.027, 6.0864480e-8, 4.7589758e-8
-0.028, 6.0783869e-8, 4.7478757e-8
-0.029, 6.0688322e-8, 4.7373135e-8
-0.030, 6.0525224e-8, 4.7319212e-8
-0.031, 6.0409889e-8, 4.7251419e-8
-0.032, 6.0243075e-8, 4.7298570e-8
-0.033, 6.0171267e-8, 4.7196025e-8
-0.034, 6.0019914e-8, 4.7018467e-8
-0.035, 6.0010350e-8, 4.7074522e-8
-0.036, 5.9861421e-8, 4.7004523e-8
-0.037, 5.9683025e-8, 4.7017508e-8
-0.038, 5.9614351e-8, 4.6885305e-8
-0.039, 5.9458749e-8, 4.6751133e-8
-0.040, 5.9414990e-8, 4.6768648e-8
-0.041, 5.9206009e-8, 4.6745640e-8
-0.042, 5.9246631e-8, 4.6733380e-8
-0.043, 5.9133967e-8, 4.6632572e-8
-0.044, 5.9038179e-8, 4.6573184e-8
-0.045, 5.8913876e-8, 4.6563777e-8
-0.046, 5.8780831e-8, 4.6599489e-8
-0.047, 5.8779651e-8, 4.6540379e-8
-0.048, 5.8620209e-8, 4.6367088e-8
-0.049, 5.8654045e-8, 4.6407692e-8
-0.050, 5.8538546e-8, 4.6414542e-8
-0.051, 5.8364286e-8, 4.6429228e-8
-0.052, 5.8368713e-8, 4.6351573e-8
-0.053, 5.8274228e-8, 4.6265242e-8
-0.054, 5.8259587e-8, 4.6283464e-8
-0.055, 5.8206023e-8, 4.6277499e-8
-0.056, 5.8053494e-8, 4.6311293e-8
-0.057, 5.8034715e-8, 4.6259608e-8
-0.058, 5.8040559e-8, 4.6260688e-8
-0.059, 5.7864469e-8, 4.6075492e-8
-0.060, 5.7875337e-8, 4.6121826e-8
-0.061, 5.7817758e-8, 4.6140418e-8
-0.062, 5.7689498e-8, 4.6186933e-8
-0.063, 5.7695935e-8, 4.6162231e-8
-0.064, 5.7611963e-8, 4.6023516e-8
-0.065, 5.7598498e-8, 4.6063555e-8
-0.066, 5.7598442e-8, 4.6105331e-8
-0.067, 5.7452464e-8, 4.6132797e-8
-0.068, 5.7512636e-8, 4.6119553e-8
-0.069, 5.7414553e-8, 4.6012495e-8
-0.070, 5.7427663e-8, 4.6044853e-8
-0.071, 5.7366599e-8, 4.6061068e-8
-0.072, 5.7310324e-8, 4.6137636e-8
-0.073, 5.7342746e-8, 4.6163585e-8
-0.074, 5.7325565e-8, 4.6126125e-8
-0.075, 5.7218209e-8, 4.5983352e-8
-0.076, 5.7205980e-8, 4.6069182e-8
-0.077, 5.7208396e-8, 4.6121976e-8
-0.078, 5.7091484e-8, 4.6138851e-8
-0.079, 5.7116637e-8, 4.6107907e-8
-0.080, 5.7094315e-8, 4.6012090e-8
-0.081, 5.7125789e-8, 4.6110564e-8
-0.082, 5.7047778e-8, 4.6163112e-8
-0.083, 5.7127679e-8, 4.6241524e-8
-0.084, 5.7039337e-8, 4.6103551e-8
-0.085, 5.7102994e-8, 4.6180567e-8
-0.086, 5.7003433e-8, 4.6257469e-8
-0.087, 5.7007387e-8, 4.6228081e-8
-0.088, 5.6959855e-8, 4.6163187e-8
-0.089, 5.7061182e-8, 4.6289905e-8
-0.090, 5.7000303e-8, 4.6346724e-8
-0.091, 5.7040161e-8, 4.6292143e-8
-0.092, 5.7046186e-8, 4.6315186e-8
-0.093, 5.7031720e-8, 4.6373827e-8
-0.094, 5.7042115e-8, 4.6444800e-8
-0.095, 5.6963046e-8, 4.6329625e-8
-0.096, 5.7049256e-8, 4.6435360e-8
-0.097, 5.7002310e-8, 4.6526015e-8
-0.098, 5.7119710e-8, 4.6554611e-8
-0.099, 5.7104234e-8, 4.6518970e-8
-0.100, 5.7092130e-8, 4.6542723e-8
-0.101, 5.7158033e-8, 4.6697508e-8
-0.102, 5.7084755e-8, 4.6574975e-8
-0.103, 5.7181886e-8, 4.6667612e-8
-0.104, 5.7072349e-8, 4.6704745e-8
-0.105, 5.7227357e-8, 4.6811660e-8
-0.106, 5.7212123e-8, 4.6769948e-8
-0.107, 5.7262433e-8, 4.6837101e-8
-0.108, 5.7275603e-8, 4.6977600e-8
-0.109, 5.7293498e-8, 4.6913748e-8
-0.110, 5.7345403e-8, 4.6954032e-8
-0.111, 5.7416209e-8, 4.7068099e-8
-0.112, 5.7434868e-8, 4.7153435e-8
-0.113, 5.7406048e-8, 4.7074561e-8
-0.114, 5.7507499e-8, 4.7151069e-8
-0.115, 5.7422525e-8, 4.7227218e-8
-0.116, 5.7609718e-8, 4.7362196e-8
-0.117, 5.7618458e-8, 4.7316206e-8
-0.118, 5.7665165e-8, 4.7389570e-8
-0.119, 5.7758118e-8, 4.7608431e-8
-0.120, 5.7794967e-8, 4.7588113e-8
-0.121, 5.7793901e-8, 4.7525585e-8
-0.122, 5.7883426e-8, 4.7668983e-8
-0.123, 5.7963437e-8, 4.7872632e-8
-0.124, 5.8059925e-8, 4.7892080e-8
-0.125, 5.8037902e-8, 4.7847170e-8
-0.126, 5.8176674e-8, 4.8006662e-8
-0.127, 5.8157191e-8, 4.8142784e-8
-0.128, 5.8315386e-8, 4.8201422e-8
-0.129, 5.8348576e-8, 4.8173124e-8
-0.130, 5.8465140e-8, 4.8325909e-8
-0.131, 5.8487998e-8, 4.8447411e-8
-0.132, 5.8608819e-8, 4.8528882e-8
-0.133, 5.8619563e-8, 4.8492755e-8
-0.134, 5.8821044e-8, 4.8675833e-8
-0.135, 5.8878268e-8, 4.8806591e-8
-0.136, 5.8933544e-8, 4.8917535e-8
-0.137, 5.9096585e-8, 4.9008289e-8
-0.138, 5.9196321e-8, 4.9071268e-8
-0.139, 5.9254781e-8, 4.9177714e-8
-0.140, 5.9303446e-8, 4.9373963e-8
-0.141, 5.9475582e-8, 4.9432380e-8
-0.142, 5.9560552e-8, 4.9493309e-8
-0.143, 5.9681490e-8, 4.9590582e-8
-0.144, 5.9814184e-8, 4.9751534e-8
-0.145, 5.9848844e-8, 4.9939331e-8
-0.146, 6.0031489e-8, 5.0015643e-8
-0.147, 6.0086521e-8, 5.0027285e-8
-0.148, 6.0336134e-8, 5.0244140e-8
-0.149, 6.0402748e-8, 5.0366257e-8
-0.150, 6.0504142e-8, 5.0588529e-8
-0.151, 6.0729128e-8, 5.0707392e-8
-0.152, 6.0773530e-8, 5.0704834e-8
-0.153, 6.0984590e-8, 5.0918466e-8
-0.154, 6.1056156e-8, 5.1101470e-8
-0.155, 6.1247540e-8, 5.1286882e-8
-0.156, 6.1433965e-8, 5.1398779e-8
-0.157, 6.1597426e-8, 5.1505278e-8
-0.158, 6.1767551e-8, 5.1728172e-8
-0.159, 6.1912701e-8, 5.1981981e-8
-0.160, 6.2090741e-8, 5.2117915e-8
-0.161, 6.2281835e-8, 5.2225129e-8
-0.162, 6.2491466e-8, 5.2406246e-8
-0.163, 6.2611520e-8, 5.2566278e-8
-0.164, 6.2784601e-8, 5.2856056e-8
-0.165, 6.3052816e-8, 5.3042090e-8
-0.166, 6.3201803e-8, 5.3115571e-8
-0.167, 6.3459744e-8, 5.3360495e-8
-0.168, 6.3622132e-8, 5.3528957e-8
-0.169, 6.3765100e-8, 5.3808940e-8
-0.170, 6.4119526e-8, 5.4066469e-8
-0.171, 6.4244830e-8, 5.4129512e-8
-0.172, 6.4540977e-8, 5.4413551e-8
-0.173, 6.4729413e-8, 5.4647135e-8
-0.174, 6.4949027e-8, 5.4961703e-8
-0.175, 6.5284794e-8, 5.5210133e-8
-0.176, 6.5483974e-8, 5.5328844e-8
-0.177, 6.5766898e-8, 5.5604296e-8
-0.178, 6.5987621e-8, 5.5863762e-8
-0.179, 6.6193422e-8, 5.6138862e-8
-0.180, 6.6523938e-8, 5.6382039e-8
-0.181, 6.6695662e-8, 5.6497907e-8
-0.182, 6.6995227e-8, 5.6804797e-8
-0.183, 6.7170262e-8, 5.7073304e-8
-0.184, 6.7505795e-8, 5.7365483e-8
-0.185, 6.7816345e-8, 5.7621754e-8
-0.186, 6.8043398e-8, 5.7797976e-8
-0.187, 6.8274822e-8, 5.8067403e-8
-0.188, 6.8507191e-8, 5.8419218e-8
-0.189, 6.8842013e-8, 5.8625858e-8
-0.190, 6.9097176e-8, 5.8835955e-8
-0.191, 6.9310346e-8, 5.9046819e-8
-0.192, 6.9579919e-8, 5.9338909e-8
-0.193, 6.9761271e-8, 5.9664764e-8
-0.194, 7.0145049e-8, 5.9907791e-8
-0.195, 7.0287307e-8, 5.9977417e-8
-0.196, 7.0543706e-8, 6.0262416e-8
-0.197, 7.0704630e-8, 6.0519213e-8
-0.198, 7.0986360e-8, 6.0772493e-8
-0.199, 7.1203907e-8, 6.0874015e-8
-0.200, 7.1423933e-8, 6.1075291e-8
-0.201, 7.1559228e-8, 6.1246546e-8
-0.202, 7.1779716e-8, 6.1582888e-8
-0.203, 7.2002820e-8, 6.1708754e-8
-0.204, 7.2063756e-8, 6.1693925e-8
-0.205, 7.2330259e-8, 6.1981801e-8
-0.206, 7.2368287e-8, 6.2162407e-8
-0.207, 7.2576391e-8, 6.2231123e-8
-0.208, 7.2595405e-8, 6.2216941e-8
-0.209, 7.2786193e-8, 6.2401838e-8
-0.210, 7.2951600e-8, 6.2567679e-8
-0.211, 7.2980654e-8, 6.2687299e-8
-0.212, 7.3053059e-8, 6.2684428e-8
-0.213, 7.3184211e-8, 6.2713468e-8
-0.214, 7.3234752e-8, 6.2790939e-8
-0.215, 7.3209719e-8, 6.2870122e-8
-0.216, 7.3327172e-8, 6.2943670e-8
-0.217, 7.3304257e-8, 6.2859712e-8
-0.218, 7.3362955e-8, 6.2842773e-8
-0.219, 7.3253894e-8, 6.2796502e-8
-0.220, 7.3143809e-8, 6.2800552e-8
-0.221, 7.3216512e-8, 6.2786455e-8
-0.222, 7.3127637e-8, 6.2617104e-8
-0.223, 7.3068108e-8, 6.2534447e-8
-0.224, 7.2986914e-8, 6.2492205e-8
-0.225, 7.2834389e-8, 6.2473639e-8
-0.226, 7.2790868e-8, 6.2319039e-8
-0.227, 7.2559502e-8, 6.2014458e-8
-0.228, 7.2473462e-8, 6.1946160e-8
-0.229, 7.2326181e-8, 6.1890837e-8
-0.230, 7.2167929e-8, 6.1676019e-8
-0.231, 7.2007602e-8, 6.1432587e-8
-0.232, 7.1845975e-8, 6.1259627e-8
-0.233, 7.1586385e-8, 6.1048389e-8
-0.234, 7.1397423e-8, 6.0979289e-8
-0.235, 7.1222388e-8, 6.0674687e-8
-0.236, 7.0874869e-8, 6.0294383e-8
-0.237, 7.0791600e-8, 6.0191937e-8
-0.238, 7.0444500e-8, 5.9950075e-8
-0.239, 7.0290966e-8, 5.9793479e-8
-0.240, 6.9996538e-8, 5.9405149e-8
-0.241, 6.9770365e-8, 5.9166958e-8
-0.242, 6.9507053e-8, 5.8926446e-8
-0.243, 6.9275160e-8, 5.8806204e-8
-0.244, 6.8988051e-8, 5.8452414e-8
-0.245, 6.8776110e-8, 5.8148046e-8
-0.246, 6.8472701e-8, 5.7886069e-8
-0.247, 6.8206617e-8, 5.7743712e-8
-0.248, 6.7904161e-8, 5.7385158e-8
-0.249, 6.7633167e-8, 5.7025908e-8
-0.250, 6.7480222e-8, 5.6878282e-8
-0.251, 6.7135247e-8, 5.6634800e-8
-0.252, 6.6968951e-8, 5.6446062e-8
-0.253, 6.6760023e-8, 5.6129966e-8
-0.254, 6.6501258e-8, 5.5879795e-8
-0.255, 6.6212259e-8, 5.5612400e-8
-0.256, 6.5919956e-8, 5.5452048e-8
-0.257, 6.5686763e-8, 5.5159486e-8
-0.258, 6.5579165e-8, 5.4951069e-8
-0.259, 6.5414000e-8, 5.4807742e-8
-0.260, 6.5092465e-8, 5.4567060e-8
-0.261, 6.4940991e-8, 5.4396924e-8
-0.262, 6.4735431e-8, 5.4138322e-8
-0.263, 6.4482990e-8, 5.3865453e-8
-0.264, 6.4331580e-8, 5.3756558e-8
-0.265, 6.4131747e-8, 5.3689725e-8
-0.266, 6.3996055e-8, 5.3439503e-8
-0.267, 6.3792790e-8, 5.3175881e-8
-0.268, 6.3648940e-8, 5.3040242e-8
-0.269, 6.3538039e-8, 5.2952188e-8
-0.270, 6.3334440e-8, 5.2907673e-8
-0.271, 6.3198847e-8, 5.2666397e-8
-0.272, 6.3051573e-8, 5.2461054e-8
-0.273, 6.2997898e-8, 5.2385740e-8
-0.274, 6.2820149e-8, 5.2246364e-8
-0.275, 6.2627706e-8, 5.2198889e-8
-0.276, 6.2568240e-8, 5.2054972e-8
-0.277, 6.2481845e-8, 5.1899555e-8
-0.278, 6.2396865e-8, 5.1820276e-8
-0.279, 6.2289153e-8, 5.1745118e-8
-0.280, 6.2090209e-8, 5.1692442e-8
-0.281, 6.2079636e-8, 5.1587254e-8
-0.282, 6.2036712e-8, 5.1484978e-8
-0.283, 6.1856369e-8, 5.1271730e-8
-0.284, 6.1803512e-8, 5.1263090e-8
-0.285, 6.1724265e-8, 5.1291892e-8
-0.286, 6.1644784e-8, 5.1251760e-8
-0.287, 6.1660664e-8, 5.1176269e-8
-0.288, 6.1457122e-8, 5.0929884e-8
-0.289, 6.1522961e-8, 5.1009842e-8
-0.290, 6.1398836e-8, 5.0948710e-8
-0.291, 6.1327441e-8, 5.0975697e-8
-0.292, 6.1278541e-8, 5.0865946e-8
-0.293, 6.1200183e-8, 5.0711254e-8
-0.294, 6.1254276e-8, 5.0754011e-8
-0.295, 6.1163696e-8, 5.0739111e-8
-0.296, 6.1122527e-8, 5.0761194e-8
-0.297, 6.1142259e-8, 5.0732961e-8
-0.298, 6.1061883e-8, 5.0609117e-8
-0.299, 6.1040154e-8, 5.0612567e-8
-0.300, 6.0930141e-8, 5.0654471e-8
-0.301, 6.0941829e-8, 5.0580507e-8
-0.302, 6.0895005e-8, 5.0480342e-8
-0.303, 6.0910949e-8, 5.0537231e-8
-0.304, 6.0809199e-8, 5.0529007e-8
-0.305, 6.0871265e-8, 5.0566957e-8
-0.306, 6.0778788e-8, 5.0412257e-8
-0.307, 6.0836605e-8, 5.0476096e-8
-0.308, 6.0690219e-8, 5.0503544e-8
-0.309, 6.0776074e-8, 5.0503473e-8
-0.310, 6.0731253e-8, 5.0384450e-8
-0.311, 6.0755994e-8, 5.0467438e-8
-0.312, 6.0642023e-8, 5.0499551e-8
-0.313, 6.0743005e-8, 5.0471826e-8
-0.314, 6.0774248e-8, 5.0502607e-8
-0.315, 6.0617339e-8, 5.0421839e-8
-0.316, 6.0754338e-8, 5.0606371e-8
-0.317, 6.0648347e-8, 5.0423164e-8
-0.318, 6.0755113e-8, 5.0517251e-8
-0.319, 6.0624487e-8, 5.0583679e-8
-0.320, 6.0649349e-8, 5.0503257e-8
-0.321, 6.0686666e-8, 5.0473034e-8
-0.322, 6.0717909e-8, 5.0546699e-8
-0.323, 6.0656205e-8, 5.0620585e-8
-0.324, 6.0710178e-8, 5.0563500e-8
-0.325, 6.0705034e-8, 5.0568591e-8
-0.326, 6.0595788e-8, 5.0564005e-8
-0.327, 6.0758126e-8, 5.0717755e-8
-0.328, 6.0643444e-8, 5.0561869e-8
-0.329, 6.0709347e-8, 5.0648691e-8
-0.330, 6.0604940e-8, 5.0723802e-8
-0.331, 6.0742593e-8, 5.0762964e-8
-0.332, 6.0697239e-8, 5.0660965e-8
-0.333, 6.0742245e-8, 5.0751755e-8
-0.334, 6.0692692e-8, 5.0813131e-8
-0.335, 6.0784934e-8, 5.0831623e-8
-0.336, 6.0753102e-8, 5.0781519e-8
-0.337, 6.0734209e-8, 5.0792355e-8
-0.338, 6.0730486e-8, 5.0916420e-8
-0.339, 6.0763973e-8, 5.0876899e-8
-0.340, 6.0783634e-8, 5.0822329e-8
-0.341, 6.0791010e-8, 5.0915677e-8
-0.342, 6.0764386e-8, 5.0996430e-8
-0.343, 6.0774603e-8, 5.0960043e-8
-0.344, 6.0748377e-8, 5.0884911e-8
-0.345, 6.0822849e-8, 5.0989470e-8
-0.346, 6.0793255e-8, 5.1089405e-8
-0.347, 6.0875635e-8, 5.1093519e-8
-0.348, 6.0860870e-8, 5.1030501e-8
-0.349, 6.0876992e-8, 5.1045436e-8
-0.350, 6.0892226e-8, 5.1113524e-8
-0.351, 6.0883906e-8, 5.1246747e-8
-0.352, 6.0843149e-8, 5.1142187e-8
-0.353, 6.0883018e-8, 5.1124786e-8
-0.354, 6.0863229e-8, 5.1151677e-8
-0.355, 6.0831056e-8, 5.1290503e-8
-0.356, 6.0924762e-8, 5.1286307e-8
-0.357, 6.0862469e-8, 5.1174109e-8
-0.358, 6.0903275e-8, 5.1275975e-8
-0.359, 6.0823020e-8, 5.1315304e-8
-0.360, 6.0895651e-8, 5.1325213e-8
-0.361, 6.0875514e-8, 5.1242012e-8
-0.362, 6.0964503e-8, 5.1339931e-8
-0.363, 6.0878826e-8, 5.1380756e-8
-0.364, 6.0971892e-8, 5.1477571e-8
-0.365, 6.0943307e-8, 5.1379143e-8
-0.366, 6.0952758e-8, 5.1404246e-8
-0.367, 6.0935221e-8, 5.1441763e-8
-0.368, 6.0847647e-8, 5.1489661e-8
-0.369, 6.0932038e-8, 5.1498027e-8
-0.370, 6.0878705e-8, 5.1400868e-8
-0.371, 6.0910885e-8, 5.1466245e-8
-0.372, 6.0841920e-8, 5.1563433e-8
-0.373, 6.0858333e-8, 5.1505118e-8
-0.374, 6.0792729e-8, 5.1391964e-8
-0.375, 6.0877348e-8, 5.1483291e-8
-0.376, 6.0803174e-8, 5.1510526e-8
-0.377, 6.0838317e-8, 5.1604999e-8
-0.378, 6.0806009e-8, 5.1505026e-8
-0.379, 6.0786647e-8, 5.1514515e-8
-0.380, 6.0766155e-8, 5.1512757e-8
-0.381, 6.0687675e-8, 5.1619988e-8
-0.382, 6.0689679e-8, 5.1549446e-8
-0.383, 6.0657854e-8, 5.1469108e-8
-0.384, 6.0774248e-8, 5.1597592e-8
-0.385, 6.0712473e-8, 5.1588756e-8
-0.386, 6.0656909e-8, 5.1662283e-8
-0.387, 6.0674040e-8, 5.1611664e-8
-0.388, 6.0578785e-8, 5.1489891e-8
-0.389, 6.0594495e-8, 5.1573934e-8
-0.390, 6.0495644e-8, 5.1632082e-8
-0.391, 6.0527292e-8, 5.1611174e-8
-0.392, 6.0475443e-8, 5.1506152e-8
-0.393, 6.0546654e-8, 5.1612943e-8
-0.394, 6.0420646e-8, 5.1622170e-8
-0.395, 6.0435227e-8, 5.1613267e-8
-0.396, 6.0373637e-8, 5.1531835e-8
-0.397, 6.0447455e-8, 5.1602111e-8
-0.398, 6.0278978e-8, 5.1591478e-8
-0.399, 6.0360058e-8, 5.1627666e-8
-0.400, 6.0320488e-8, 5.1587925e-8
-0.401, 6.0334010e-8, 5.1622649e-8
-0.402, 6.0257598e-8, 5.1681468e-8
-0.403, 6.0281984e-8, 5.1697285e-8
-0.404, 6.0159458e-8, 5.1542777e-8
-0.405, 6.0249867e-8, 5.1661139e-8
-0.406, 6.0127746e-8, 5.1730392e-8
-0.407, 6.0154676e-8, 5.1675045e-8
-0.408, 6.0142447e-8, 5.1595912e-8
-0.409, 6.0174216e-8, 5.1693604e-8
-0.410, 6.0125444e-8, 5.1841344e-8
-0.411, 6.0145162e-8, 5.1801781e-8
-0.412, 6.0004623e-8, 5.1658613e-8
-0.413, 6.0097278e-8, 5.1784887e-8
-0.414, 6.0085398e-8, 5.1930943e-8
-0.415, 6.0075017e-8, 5.1851536e-8
-0.416, 6.0033678e-8, 5.1774236e-8
-0.417, 6.0083806e-8, 5.1887568e-8
-0.418, 6.0024639e-8, 5.1967138e-8
-0.419, 6.0038751e-8, 5.2005721e-8
-0.420, 5.9990860e-8, 5.1902727e-8
-0.421, 6.0124087e-8, 5.2061427e-8
-0.422, 6.0085526e-8, 5.2095643e-8
-0.423, 6.0083039e-8, 5.2243418e-8
-0.424, 6.0099168e-8, 5.2217306e-8
-0.425, 6.0096390e-8, 5.2213530e-8
-0.426, 6.0147286e-8, 5.2338820e-8
-0.427, 6.0083927e-8, 5.2457239e-8
-0.428, 6.0109791e-8, 5.2397148e-8
-0.429, 6.0131114e-8, 5.2386291e-8
-0.430, 6.0134653e-8, 5.2494542e-8
-0.431, 6.0176582e-8, 5.2661282e-8
-0.432, 6.0232324e-8, 5.2729110e-8
-0.433, 6.0291910e-8, 5.2739413e-8
-0.434, 6.0386689e-8, 5.2856226e-8
-0.435, 6.0268349e-8, 5.2933206e-8
-0.436, 6.0404403e-8, 5.3044541e-8
-0.437, 6.0414621e-8, 5.3052378e-8
-0.438, 6.0496227e-8, 5.3186206e-8
-0.439, 6.0533189e-8, 5.3323127e-8
-0.440, 6.0639550e-8, 5.3510554e-8
-0.441, 6.0605586e-8, 5.3431474e-8
-0.442, 6.0759419e-8, 5.3641688e-8
-0.443, 6.0728773e-8, 5.3754682e-8
-0.444, 6.0901442e-8, 5.3919265e-8
-0.445, 6.0857865e-8, 5.3854759e-8
-0.446, 6.1017239e-8, 5.4083827e-8
-0.447, 6.0949624e-8, 5.4188408e-8
-0.448, 6.1146444e-8, 5.4379239e-8
-0.449, 6.1244180e-8, 5.4441916e-8
-0.450, 6.1380533e-8, 5.4638985e-8
-0.451, 6.1492727e-8, 5.4904312e-8
-0.452, 6.1538550e-8, 5.4929092e-8
-0.453, 6.1608709e-8, 5.4978056e-8
-0.454, 6.1730823e-8, 5.5194139e-8
-0.455, 6.1768027e-8, 5.5399525e-8
-0.456, 6.2017691e-8, 5.5609910e-8
-0.457, 6.2064530e-8, 5.5638722e-8
-0.458, 6.2290638e-8, 5.5909727e-8
-0.459, 6.2383705e-8, 5.6205476e-8
-0.460, 6.2486393e-8, 5.6252411e-8
-0.461, 6.2656994e-8, 5.6413395e-8
-0.462, 6.2843007e-8, 5.6662124e-8
-0.463, 6.2945752e-8, 5.6911375e-8
-0.464, 6.3117476e-8, 5.7045966e-8
-0.465, 6.3360005e-8, 5.7274235e-8
-0.466, 6.3532731e-8, 5.7553891e-8
-0.467, 6.3584224e-8, 5.7754374e-8
-0.468, 6.3785116e-8, 5.7857729e-8
-0.469, 6.4074349e-8, 5.8173530e-8
-0.470, 6.4162812e-8, 5.8426142e-8
-0.471, 6.4383542e-8, 5.8676271e-8
-0.472, 6.4564482e-8, 5.8857321e-8
-0.473, 6.4806770e-8, 5.9139243e-8
-0.474, 6.4964915e-8, 5.9432594e-8
-0.475, 6.5201711e-8, 5.9737168e-8
-0.476, 6.5403611e-8, 5.9914456e-8
-0.477, 6.5744686e-8, 6.0273784e-8
-0.478, 6.5917121e-8, 6.0566208e-8
-0.479, 6.6149433e-8, 6.0888688e-8
-0.480, 6.6401583e-8, 6.1096209e-8
-0.481, 6.6587887e-8, 6.1338305e-8
-0.482, 6.6926553e-8, 6.1764588e-8
-0.483, 6.7132348e-8, 6.2142014e-8
-0.484, 6.7377762e-8, 6.2378533e-8
-0.485, 6.7657382e-8, 6.2617012e-8
-0.486, 6.7987237e-8, 6.3039799e-8
-0.487, 6.8225624e-8, 6.3453392e-8
-0.488, 6.8607747e-8, 6.3843963e-8
-0.489, 6.8887545e-8, 6.4079977e-8
-0.490, 6.9245452e-8, 6.4518829e-8
-0.491, 6.9487982e-8, 6.4885185e-8
-0.492, 6.9777691e-8, 6.5307312e-8
-0.493, 7.0163061e-8, 6.5693811e-8
-0.494, 7.0447626e-8, 6.5971840e-8
-0.495, 7.0848181e-8, 6.6449111e-8
-0.496, 7.1127083e-8, 6.6965761e-8
-0.497, 7.1520248e-8, 6.7311987e-8
-0.498, 7.1851701e-8, 6.7679835e-8
-0.499, 7.2318755e-8, 6.8171339e-8
-0.500, 7.2668151e-8, 6.8646919e-8
