Dec. 14, 2005   23:36:38
Cyclic Voltammetry
File: d:\ida_biofilms\12_04_18_psoralenbiofilm\psoralen\psoralen_25um_pyo_transfer_gc.txt
Data Source:  Experiment
Instrument Model:  CHI760B
Header: 
Note: 

Init E (V) = 0.1
High E (V) = 0.1
Low E (V) = -0.5
Init P/N = N
Scan Rate (V/s) = 0.003
Segment = 2
Sample Interval (V) = 0.001
Quiet Time (sec) = 2
Sensitivity (A/V) = 1e-7
2nd E (V) = 0.1
Sens 2 (A/V) = 1e-7

Potential/V, i1/A, i2/A, Time/s

0.100, -8.2601765e-8, -7.2144331e-8, 3.3333334e-1
0.099, -7.7182300e-8, -6.7439728e-8, 6.6666669e-1
0.098, -7.2333506e-8, -6.3153458e-8, 1.0000000e+0
0.097, -6.8121771e-8, -5.9428757e-8, 1.3333334e+0
0.096, -6.4308722e-8, -5.5960232e-8, 1.6666667e+0
0.095, -6.0828533e-8, -5.2895434e-8, 2.0000000e+0
0.094, -5.7567782e-8, -5.0015473e-8, 2.3333333e+0
0.093, -5.4573750e-8, -4.7495220e-8, 2.6666665e+0
0.092, -5.1722871e-8, -4.5146312e-8, 2.9999998e+0
0.091, -4.9209170e-8, -4.3046551e-8, 3.3333330e+0
0.090, -4.6762246e-8, -4.1110312e-8, 3.6666663e+0
0.089, -4.4556089e-8, -3.9409162e-8, 3.9999995e+0
0.088, -4.2457046e-8, -3.7791086e-8, 4.3333330e+0
0.087, -4.0544052e-8, -3.6328462e-8, 4.6666665e+0
0.086, -3.8715811e-8, -3.4951871e-8, 5.0000000e+0
0.085, -3.7034471e-8, -3.3748695e-8, 5.3333335e+0
0.084, -3.5455937e-8, -3.2559345e-8, 5.6666670e+0
0.083, -3.3960561e-8, -3.1524085e-8, 6.0000005e+0
0.082, -3.2488988e-8, -3.0537073e-8, 6.3333340e+0
0.081, -3.1220313e-8, -2.9619953e-8, 6.6666675e+0
0.080, -3.0014426e-8, -2.8750128e-8, 7.0000010e+0
0.079, -2.8850398e-8, -2.7880461e-8, 7.3333344e+0
0.078, -2.7765930e-8, -2.7046022e-8, 7.6666679e+0
0.077, -2.6764935e-8, -2.6359761e-8, 8.0000010e+0
0.076, -2.5746450e-8, -2.5664395e-8, 8.3333340e+0
0.075, -2.4837242e-8, -2.5086216e-8, 8.6666670e+0
0.074, -2.3946248e-8, -2.4474964e-8, 9.0000000e+0
0.073, -2.3112527e-8, -2.3914836e-8, 9.3333330e+0
0.072, -2.2341434e-8, -2.3309736e-8, 9.6666660e+0
0.071, -2.1544778e-8, -2.2838277e-8, 9.9999990e+0
0.070, -2.0855163e-8, -2.2351321e-8, 1.0333332e+1
0.069, -2.0166746e-8, -2.1925155e-8, 1.0666665e+1
0.068, -1.9444141e-8, -2.1468153e-8, 1.0999998e+1
0.067, -1.8864522e-8, -2.1096785e-8, 1.1333331e+1
0.066, -1.8224913e-8, -2.0669662e-8, 1.1666664e+1
0.065, -1.7620213e-8, -2.0272571e-8, 1.1999997e+1
0.064, -1.7054173e-8, -1.9834982e-8, 1.2333330e+1
0.063, -1.6481666e-8, -1.9529836e-8, 1.2666663e+1
0.062, -1.5985682e-8, -1.9209432e-8, 1.2999996e+1
0.061, -1.5484428e-8, -1.8827681e-8, 1.3333329e+1
0.060, -1.4993638e-8, -1.8554326e-8, 1.3666662e+1
0.059, -1.4507481e-8, -1.8280494e-8, 1.3999995e+1
0.058, -1.4031947e-8, -1.7889793e-8, 1.4333328e+1
0.057, -1.3566320e-8, -1.7708784e-8, 1.4666661e+1
0.056, -1.3138876e-8, -1.7338294e-8, 1.4999994e+1
0.055, -1.2703283e-8, -1.7168468e-8, 1.5333327e+1
0.054, -1.2351566e-8, -1.6840154e-8, 1.5666660e+1
0.053, -1.1975804e-8, -1.6659623e-8, 1.5999993e+1
0.052, -1.1556348e-8, -1.6351921e-8, 1.6333326e+1
0.051, -1.1157261e-8, -1.6215244e-8, 1.6666660e+1
0.050, -1.0759372e-8, -1.5876468e-8, 1.6999994e+1
0.049, -1.0499839e-8, -1.5759042e-8, 1.7333328e+1
0.048, -1.0107462e-8, -1.5438877e-8, 1.7666662e+1
0.047, -9.6936770e-9, -1.5335273e-8, 1.7999996e+1
0.046, -9.4549915e-9, -1.5131494e-8, 1.8333330e+1
0.045, -9.1547978e-9, -1.4894567e-8, 1.8666664e+1
0.044, -8.7549132e-9, -1.4758768e-8, 1.8999998e+1
0.043, -8.5805318e-9, -1.4498836e-8, 1.9333332e+1
0.042, -8.1899927e-9, -1.4377097e-8, 1.9666666e+1
0.041, -7.9543430e-9, -1.4235386e-8, 2.0000000e+1
0.040, -7.6622975e-9, -1.3944620e-8, 2.0333334e+1
0.039, -7.3738464e-9, -1.3867933e-8, 2.0666668e+1
0.038, -7.1761401e-9, -1.3714801e-8, 2.1000002e+1
0.037, -6.8384023e-9, -1.3468127e-8, 2.1333336e+1
0.036, -6.6580306e-9, -1.3386968e-8, 2.1666670e+1
0.035, -6.3869132e-9, -1.3289194e-8, 2.2000004e+1
0.034, -6.1709144e-9, -1.3072157e-8, 2.2333338e+1
0.033, -5.8839809e-9, -1.2931966e-8, 2.2666672e+1
0.032, -5.6941833e-9, -1.2834910e-8, 2.3000006e+1
0.031, -5.4177143e-9, -1.2693520e-8, 2.3333340e+1
0.030, -5.2712918e-9, -1.2479838e-8, 2.3666674e+1
0.029, -5.0920388e-9, -1.2431988e-8, 2.4000008e+1
0.028, -4.7972764e-9, -1.2333894e-8, 2.4333342e+1
0.027, -4.6881592e-9, -1.2200253e-8, 2.4666676e+1
0.026, -4.4330184e-9, -1.1988967e-8, 2.5000010e+1
0.025, -4.2377084e-9, -1.1922027e-8, 2.5333344e+1
0.024, -4.0826591e-9, -1.1822894e-8, 2.5666677e+1
0.023, -3.8385419e-9, -1.1659697e-8, 2.6000011e+1
0.022, -3.7182410e-9, -1.1488910e-8, 2.6333345e+1
0.021, -3.5036798e-9, -1.1442499e-8, 2.6666679e+1
0.020, -3.3316159e-9, -1.1356707e-8, 2.7000013e+1
0.019, -3.2379150e-9, -1.1288887e-8, 2.7333347e+1
0.018, -2.9786205e-9, -1.1121855e-8, 2.7666681e+1
0.017, -2.8167011e-9, -1.0993967e-8, 2.8000015e+1
0.016, -2.7297107e-9, -1.0948434e-8, 2.8333349e+1
0.015, -2.5430280e-9, -1.0881493e-8, 2.8666683e+1
0.014, -2.3257511e-9, -1.0815431e-8, 2.9000017e+1
0.013, -2.2365239e-9, -1.0688900e-8, 2.9333351e+1
0.012, -2.0457673e-9, -1.0552063e-8, 2.9666685e+1
0.011, -1.8741027e-9, -1.0484244e-8, 3.0000019e+1
0.010, -1.7690588e-9, -1.0430484e-8, 3.0333353e+1
0.009, -1.6061809e-9, -1.0368256e-8, 3.0666687e+1
0.008, -1.4222944e-9, -1.0304751e-8, 3.1000021e+1
0.007, -1.2944844e-9, -1.0169751e-8, 3.1333355e+1
0.006, -1.2355320e-9, -1.0036589e-8, 3.1666689e+1
0.005, -1.0645063e-9, -9.9831494e-9, 3.2000023e+1
0.004, -8.8836810e-10, -9.9332231e-9, 3.2333355e+1
0.003, -8.0377388e-10, -9.8639656e-9, 3.2666687e+1
0.002, -7.1015310e-10, -9.7677892e-9, 3.3000019e+1
0.001, -5.7763011e-10, -9.6296739e-9, 3.3333351e+1
-0.000, -4.1035880e-10, -9.5378105e-9, 3.3666683e+1
-0.001, -3.0251912e-10, -9.5018651e-9, 3.4000015e+1
-0.002, -2.5762587e-10, -9.4674357e-9, 3.4333347e+1
-0.003, -1.7470914e-10, -9.4198267e-9, 3.4666679e+1
-0.004, 1.7405244e-11, -9.3645482e-9, 3.5000011e+1
-0.005, 1.4385725e-10, -9.2889012e-9, 3.5333344e+1
-0.006, 2.0959950e-10, -9.1687600e-9, 3.5666676e+1
-0.007, 2.9499253e-10, -9.0669907e-9, 3.6000008e+1
-0.008, 4.3095044e-10, -9.0223375e-9, 3.6333340e+1
-0.009, 5.9598509e-10, -8.9923820e-9, 3.6666672e+1
-0.010, 6.7762368e-10, -8.9494856e-9, 3.7000004e+1
-0.011, 7.3058493e-10, -8.9028349e-9, 3.7333336e+1
-0.012, 7.9992191e-10, -8.8442818e-9, 3.7666668e+1
-0.013, 8.9330304e-10, -8.7741467e-9, 3.8000000e+1
-0.014, 1.0855772e-9, -8.6451379e-9, 3.8333332e+1
-0.015, 1.1587484e-9, -8.5731653e-9, 3.8666664e+1
-0.016, 1.2040410e-9, -8.5338634e-9, 3.8999996e+1
-0.017, 1.3316913e-9, -8.5087803e-9, 3.9333328e+1
-0.018, 1.4426463e-9, -8.4785059e-9, 3.9666660e+1
-0.019, 1.5738912e-9, -8.4352907e-9, 3.9999992e+1
-0.020, 1.6552102e-9, -8.4012610e-9, 4.0333324e+1
-0.021, 1.6851658e-9, -8.3566869e-9, 4.0666656e+1
-0.022, 1.7329347e-9, -8.2830365e-9, 4.0999989e+1
-0.023, 1.8201651e-9, -8.1800700e-9, 4.1333321e+1
-0.024, 1.9335167e-9, -8.1082563e-9, 4.1666653e+1
-0.025, 2.1051014e-9, -8.0513010e-9, 4.1999985e+1
-0.026, 2.1447224e-9, -8.0264586e-9, 4.2333317e+1
-0.027, 2.1952873e-9, -8.0041715e-9, 4.2666649e+1
-0.028, 2.2532811e-9, -7.9661477e-9, 4.2999981e+1
-0.029, 2.3574462e-9, -7.9237301e-9, 4.3333313e+1
-0.030, 2.5397353e-9, -7.8794766e-9, 4.3666645e+1
-0.031, 2.6094715e-9, -7.8136546e-9, 4.3999977e+1
-0.032, 2.6625926e-9, -7.7217113e-9, 4.4333309e+1
-0.033, 2.7124385e-9, -7.6419102e-9, 4.4666641e+1
-0.034, 2.7605269e-9, -7.5850348e-9, 4.4999973e+1
-0.035, 2.8128493e-9, -7.5569959e-9, 4.5333305e+1
-0.036, 2.9551976e-9, -7.5382243e-9, 4.5666637e+1
-0.037, 3.0591232e-9, -7.5158573e-9, 4.5999969e+1
-0.038, 3.1202323e-9, -7.4913338e-9, 4.6333302e+1
-0.039, 3.1505871e-9, -7.4573840e-9, 4.6666634e+1
-0.040, 3.1842970e-9, -7.4286266e-9, 4.6999966e+1
-0.041, 3.2503586e-9, -7.4050619e-9, 4.7333298e+1
-0.042, 3.3452578e-9, -7.3666389e-9, 4.7666630e+1
-0.043, 3.4820145e-9, -7.3087252e-9, 4.7999962e+1
-0.044, 3.5512713e-9, -7.2393083e-9, 4.8333294e+1
-0.045, 3.6070285e-9, -7.1679742e-9, 4.8666626e+1
-0.046, 3.6345076e-9, -7.1071051e-9, 4.8999958e+1
-0.047, 3.6653418e-9, -7.0710788e-9, 4.9333290e+1
-0.048, 3.7098355e-9, -7.0540636e-9, 4.9666622e+1
-0.049, 3.7983439e-9, -7.0357711e-9, 4.9999954e+1
-0.050, 3.8899679e-9, -7.0122055e-9, 5.0333286e+1
-0.051, 3.9706478e-9, -6.9852062e-9, 5.0666618e+1
-0.052, 4.0780881e-9, -6.9589250e-9, 5.0999950e+1
-0.053, 4.1038102e-9, -6.9310464e-9, 5.1333282e+1
-0.054, 4.1282533e-9, -6.9094783e-9, 5.1666615e+1
-0.055, 4.1673154e-9, -6.8696178e-9, 5.1999947e+1
-0.056, 4.1930375e-9, -6.8267219e-9, 5.2333279e+1
-0.057, 4.2868975e-9, -6.7767161e-9, 5.2666611e+1
-0.058, 4.3778026e-9, -6.7124115e-9, 5.2999943e+1
-0.059, 4.4889972e-9, -6.6694357e-9, 5.3333275e+1
-0.060, 4.5342099e-9, -6.6278174e-9, 5.3666607e+1
-0.061, 4.5792632e-9, -6.6002586e-9, 5.3999939e+1
-0.062, 4.6088990e-9, -6.5838033e-9, 5.4333271e+1
-0.063, 4.6283102e-9, -6.5633534e-9, 5.4666603e+1
-0.064, 4.6529935e-9, -6.5496937e-9, 5.4999935e+1
-0.065, 4.7041175e-9, -6.5310815e-9, 5.5333267e+1
-0.066, 4.7320756e-9, -6.5099925e-9, 5.5666599e+1
-0.067, 4.7848774e-9, -6.4843508e-9, 5.5999931e+1
-0.068, 4.8776196e-9, -6.4601466e-9, 5.6333263e+1
-0.069, 4.9126072e-9, -6.4333068e-9, 5.6666595e+1
-0.070, 4.9988791e-9, -6.4035910e-9, 5.6999928e+1
-0.071, 5.0596687e-9, -6.3701204e-9, 5.7333260e+1
-0.072, 5.0856306e-9, -6.3219519e-9, 5.7666592e+1
-0.073, 5.1046420e-9, -6.2624403e-9, 5.7999924e+1
-0.074, 5.1175828e-9, -6.2061245e-9, 5.8333256e+1
-0.075, 5.1447424e-9, -6.1568377e-9, 5.8666588e+1
-0.076, 5.1786917e-9, -6.1242460e-9, 5.8999920e+1
-0.077, 5.2120823e-9, -6.0982845e-9, 5.9333252e+1
-0.078, 5.2735110e-9, -6.0818293e-9, 5.9666584e+1
-0.079, 5.3285492e-9, -6.0684888e-9, 5.9999916e+1
-0.080, 5.3930136e-9, -6.0577050e-9, 6.0333248e+1
-0.081, 5.4624301e-9, -6.0408500e-9, 6.0666580e+1
-0.082, 5.5190656e-9, -6.0215988e-9, 6.0999912e+1
-0.083, 5.5471041e-9, -6.0059420e-9, 6.1333244e+1
-0.084, 5.5652372e-9, -5.9803797e-9, 6.1666576e+1
-0.085, 5.5793761e-9, -5.9568150e-9, 6.1999908e+1
-0.086, 5.5926366e-9, -5.9426761e-9, 6.2333241e+1
-0.087, 5.6104499e-9, -5.9151972e-9, 6.2666573e+1
-0.088, 5.6228315e-9, -5.8785314e-9, 6.2999905e+1
-0.089, 5.6442397e-9, -5.8385909e-9, 6.3333237e+1
-0.090, 5.6632516e-9, -5.7909015e-9, 6.3666569e+1
-0.091, 5.7128577e-9, -5.7444107e-9, 6.3999901e+1
-0.092, 5.7543961e-9, -5.6895324e-9, 6.4333237e+1
-0.093, 5.7653398e-9, -5.6793876e-9, 6.4666573e+1
-0.094, 5.8362741e-9, -5.6387282e-9, 6.4999908e+1
-0.095, 5.8845226e-9, -5.6170801e-9, 6.5333244e+1
-0.096, 5.9320517e-9, -5.6021423e-9, 6.5666580e+1
-0.097, 5.9832557e-9, -5.5941540e-9, 6.5999916e+1
-0.098, 5.9878089e-9, -5.5847282e-9, 6.6333252e+1
-0.099, 6.0378147e-9, -5.5787370e-9, 6.6666588e+1
-0.100, 6.0601018e-9, -5.5659561e-9, 6.6999924e+1
-0.101, 6.0706458e-9, -5.5525358e-9, 6.7333260e+1
-0.102, 6.0809504e-9, -5.5421516e-9, 6.7666595e+1
-0.103, 6.1213701e-9, -5.5145128e-9, 6.7999931e+1
-0.104, 6.0946901e-9, -5.5109979e-9, 6.8333267e+1
-0.105, 6.0991634e-9, -5.4912670e-9, 6.8666603e+1
-0.106, 6.2503784e-9, -5.3653744e-9, 6.8999939e+1
-0.107, 6.1168173e-9, -5.5047669e-9, 6.9333275e+1
-0.108, 6.2295298e-9, -5.4209717e-9, 6.9666611e+1
-0.109, 6.2473431e-9, -5.4309570e-9, 6.9999947e+1
-0.110, 6.2327250e-9, -5.4137024e-9, 7.0333282e+1
-0.111, 6.2792158e-9, -5.3755991e-9, 7.0666618e+1
-0.112, 6.3065353e-9, -5.3325429e-9, 7.0999954e+1
-0.113, 6.3914487e-9, -5.2987534e-9, 7.1333290e+1
-0.114, 6.3956032e-9, -5.2667208e-9, 7.1666626e+1
-0.115, 6.4213248e-9, -5.2477094e-9, 7.1999962e+1
-0.116, 6.4624630e-9, -5.1907540e-9, 7.2333298e+1
-0.117, 6.4599068e-9, -5.2497859e-9, 7.2666634e+1
-0.118, 6.5175012e-9, -5.0665387e-9, 7.2999969e+1
-0.119, 6.3795462e-9, -5.1382720e-9, 7.3333305e+1
-0.120, 6.5336376e-9, -5.1334790e-9, 7.3666641e+1
-0.121, 6.5611965e-9, -5.0977724e-9, 7.3999977e+1
-0.122, 6.5179813e-9, -5.0992899e-9, 7.4333313e+1
-0.123, 6.5770127e-9, -5.0894644e-9, 7.4666649e+1
-0.124, 6.5869181e-9, -5.0850710e-9, 7.4999985e+1
-0.125, 6.6003385e-9, -5.0726099e-9, 7.5333321e+1
-0.126, 6.6197492e-9, -5.0657398e-9, 7.5666656e+1
-0.127, 6.6364447e-9, -5.0436926e-9, 7.5999992e+1
-0.128, 6.6404389e-9, -5.0287547e-9, 7.6333328e+1
-0.129, 6.6755863e-9, -4.9689239e-9, 7.6666664e+1
-0.130, 6.6694357e-9, -5.0003170e-9, 7.7000000e+1
-0.131, 6.6763053e-9, -4.9218736e-9, 7.7333336e+1
-0.132, 6.7443642e-9, -5.0538378e-9, 7.7666672e+1
-0.133, 6.6644028e-9, -4.9716400e-9, 7.8000008e+1
-0.134, 6.6973942e-9, -4.9724385e-9, 7.8333344e+1
-0.135, 6.7113737e-9, -4.9493529e-9, 7.8666679e+1
-0.136, 6.7089765e-9, -4.9279447e-9, 7.9000015e+1
-0.137, 6.7261512e-9, -4.9099715e-9, 7.9333351e+1
-0.138, 6.7550681e-9, -4.8804951e-9, 7.9666687e+1
-0.139, 6.7746395e-9, -4.8582085e-9, 8.0000023e+1
-0.140, 6.7890173e-9, -4.8273741e-9, 8.0333359e+1
-0.141, 6.8002008e-9, -4.8075637e-9, 8.0666695e+1
-0.142, 6.8700969e-9, -4.7683417e-9, 8.1000031e+1
-0.143, 6.8461330e-9, -4.7478923e-9, 8.1333366e+1
-0.144, 6.8621091e-9, -4.7172981e-9, 8.1666702e+1
-0.145, 6.9205024e-9, -4.7029189e-9, 8.2000038e+1
-0.146, 6.9082007e-9, -4.6684105e-9, 8.2333374e+1
-0.147, 6.9448660e-9, -4.6618602e-9, 8.2666710e+1
-0.148, 6.9768182e-9, -4.6433279e-9, 8.3000046e+1
-0.149, 6.9742621e-9, -4.6350199e-9, 8.3333382e+1
-0.150, 6.9890405e-9, -4.6220796e-9, 8.3666718e+1
-0.151, 7.0218711e-9, -4.6192037e-9, 8.4000053e+1
-0.152, 7.0027801e-9, -4.6312656e-9, 8.4333389e+1
-0.153, 7.0198745e-9, -4.6009108e-9, 8.4666725e+1
-0.154, 7.0354513e-9, -4.5854938e-9, 8.5000061e+1
-0.155, 7.1710899e-9, -4.6873425e-9, 8.5333397e+1
-0.156, 6.9453456e-9, -4.5833368e-9, 8.5666733e+1
-0.157, 7.0634099e-9, -4.5875708e-9, 8.6000069e+1
-0.158, 7.0571788e-9, -4.5822186e-9, 8.6333405e+1
-0.159, 7.0404038e-9, -4.5878101e-9, 8.6666740e+1
-0.160, 7.0646080e-9, -4.5667217e-9, 8.7000076e+1
-0.161, 7.0844188e-9, -4.5430770e-9, 8.7333412e+1
-0.162, 7.0721971e-9, -4.5656035e-9, 8.7666748e+1
-0.163, 7.0799455e-9, -4.5062518e-9, 8.8000084e+1
-0.164, 7.0988766e-9, -4.5339705e-9, 8.8333420e+1
-0.165, 7.0781878e-9, -4.5271804e-9, 8.8666756e+1
-0.166, 7.0914479e-9, -4.5196717e-9, 8.9000092e+1
-0.167, 7.1150130e-9, -4.5028967e-9, 8.9333427e+1
-0.168, 7.1416131e-9, -4.4796513e-9, 8.9666763e+1
-0.169, 7.1575097e-9, -4.4710240e-9, 9.0000099e+1
-0.170, 7.1468862e-9, -4.4368349e-9, 9.0333435e+1
-0.171, 7.2208555e-9, -4.4572044e-9, 9.0666771e+1
-0.172, 7.2651902e-9, -4.3906634e-9, 9.1000107e+1
-0.173, 7.3156743e-9, -4.1359218e-9, 9.1333443e+1
-0.174, 7.1996875e-9, -4.4053614e-9, 9.1666779e+1
-0.175, 7.1505601e-9, -4.4328408e-9, 9.2000114e+1
-0.176, 7.2758937e-9, -4.3662998e-9, 9.2333450e+1
-0.177, 7.3898847e-9, -4.3173323e-9, 9.2666786e+1
-0.178, 7.1412138e-9, -4.4607193e-9, 9.3000122e+1
-0.179, 7.4398900e-9, -4.2916106e-9, 9.3333458e+1
-0.180, 7.2037607e-9, -4.3385011e-9, 9.3666794e+1
-0.181, 7.4029849e-9, -4.2741171e-9, 9.4000130e+1
-0.182, 7.4188016e-9, -4.2360133e-9, 9.4333466e+1
-0.183, 7.4597803e-9, -4.2133270e-9, 9.4666801e+1
-0.184, 7.4577038e-9, -4.1975903e-9, 9.5000137e+1
-0.185, 7.4828659e-9, -4.1820134e-9, 9.5333473e+1
-0.186, 7.4918125e-9, -4.1635611e-9, 9.5666809e+1
-0.187, 7.5106650e-9, -4.1533363e-9, 9.6000145e+1
-0.188, 7.5176949e-9, -4.1394368e-9, 9.6333481e+1
-0.189, 7.5268005e-9, -4.1360022e-9, 9.6666817e+1
-0.190, 7.5386231e-9, -4.1289723e-9, 9.7000153e+1
-0.191, 7.5442950e-9, -4.1245789e-9, 9.7333488e+1
-0.192, 7.5501267e-9, -4.1190673e-9, 9.7666824e+1
-0.193, 7.5593931e-9, -4.1160315e-9, 9.8000160e+1
-0.194, 7.5585138e-9, -4.1111590e-9, 9.8333496e+1
-0.195, 7.5717743e-9, -4.1075645e-9, 9.8666832e+1
-0.196, 7.5939006e-9, -4.1026116e-9, 9.9000168e+1
-0.197, 7.5996525e-9, -4.0836796e-9, 9.9333504e+1
-0.198, 7.6117948e-9, -4.0958219e-9, 9.9666840e+1
-0.199, 7.6562081e-9, -4.0694608e-9, 1.0000018e+2
-0.200, 7.6953501e-9, -4.0888719e-9, 1.0033351e+2
-0.201, 7.6509368e-9, -4.0927066e-9, 1.0066685e+2
-0.202, 7.6896791e-9, -4.0748929e-9, 1.0100018e+2
-0.203, 7.7793851e-9, -4.0571595e-9, 1.0133352e+2
-0.204, 7.7410425e-9, -4.0443782e-9, 1.0166685e+2
-0.205, 7.8067046e-9, -3.9794350e-9, 1.0200019e+2
-0.206, 7.9126270e-9, -4.0508485e-9, 1.0233353e+2
-0.207, 7.9993789e-9, -4.0227306e-9, 1.0266686e+2
-0.208, 7.9515292e-9, -4.1374402e-9, 1.0300020e+2
-0.209, 7.9262072e-9, -4.0266448e-9, 1.0333353e+2
-0.210, 7.8271549e-9, -4.0339141e-9, 1.0366687e+2
-0.211, 8.0006561e-9, -4.0194554e-9, 1.0400021e+2
-0.212, 8.0208657e-9, -4.0038786e-9, 1.0433354e+2
-0.213, 8.0329281e-9, -4.0024406e-9, 1.0466688e+2
-0.214, 8.0477065e-9, -3.9946126e-9, 1.0500021e+2
-0.215, 8.0629636e-9, -3.9819912e-9, 1.0533355e+2
-0.216, 8.0811766e-9, -3.9752011e-9, 1.0566689e+2
-0.217, 8.0916411e-9, -3.9702486e-9, 1.0600022e+2
-0.218, 8.1262295e-9, -3.9656953e-9, 1.0633356e+2
-0.219, 8.1604989e-9, -3.9640975e-9, 1.0666689e+2
-0.220, 8.1898150e-9, -3.9538728e-9, 1.0700023e+2
-0.221, 8.2545188e-9, -3.9446864e-9, 1.0733356e+2
-0.222, 8.3208205e-9, -3.9373376e-9, 1.0766690e+2
-0.223, 8.3667517e-9, -3.9309467e-9, 1.0800024e+2
-0.224, 8.3983851e-9, -3.9215209e-9, 1.0833357e+2
-0.225, 8.4482314e-9, -3.9227990e-9, 1.0866691e+2
-0.226, 8.4776275e-9, -3.9135331e-9, 1.0900024e+2
-0.227, 8.4939229e-9, -3.9061039e-9, 1.0933358e+2
-0.228, 8.5269933e-9, -3.8965977e-9, 1.0966692e+2
-0.229, 8.5293106e-9, -3.9003525e-9, 1.1000025e+2
-0.230, 8.5547125e-9, -3.9007517e-9, 1.1033359e+2
-0.231, 8.5693310e-9, -3.8860537e-9, 1.1066692e+2
-0.232, 8.5876231e-9, -3.8761483e-9, 1.1100026e+2
-0.233, 8.6254870e-9, -3.8700776e-9, 1.1133360e+2
-0.234, 8.6730969e-9, -3.8753494e-9, 1.1166693e+2
-0.235, 8.7374810e-9, -3.8747108e-9, 1.1200027e+2
-0.236, 8.7814955e-9, -3.8580152e-9, 1.1233360e+2
-0.237, 8.8481960e-9, -3.8723140e-9, 1.1266694e+2
-0.238, 8.9299155e-9, -3.8638466e-9, 1.1300027e+2
-0.239, 8.9582723e-9, -3.8715156e-9, 1.1333361e+2
-0.240, 8.9954977e-9, -3.8763881e-9, 1.1366695e+2
-0.241, 9.0188230e-9, -3.8800629e-9, 1.1400028e+2
-0.242, 9.0317638e-9, -3.8826986e-9, 1.1433362e+2
-0.243, 9.0576453e-9, -3.8812606e-9, 1.1466695e+2
-0.244, 9.1101269e-9, -3.8942813e-9, 1.1500029e+2
-0.245, 9.1565378e-9, -3.8841366e-9, 1.1533363e+2
-0.246, 9.2090202e-9, -3.9050656e-9, 1.1566696e+2
-0.247, 9.2940935e-9, -3.9131334e-9, 1.1600030e+2
-0.248, 9.3540837e-9, -3.9169676e-9, 1.1633363e+2
-0.249, 9.4366817e-9, -3.9223198e-9, 1.1666697e+2
-0.250, 9.4698320e-9, -3.9331836e-9, 1.1700031e+2
-0.251, 9.4994679e-9, -3.9328638e-9, 1.1733364e+2
-0.252, 9.5109707e-9, -3.9448462e-9, 1.1766698e+2
-0.253, 9.5295833e-9, -3.9563490e-9, 1.1800031e+2
-0.254, 9.5664880e-9, -3.9676924e-9, 1.1833365e+2
-0.255, 9.6095443e-9, -3.9703285e-9, 1.1866698e+2
-0.256, 9.6536388e-9, -3.9800736e-9, 1.1900032e+2
-0.257, 9.7417479e-9, -3.9844674e-9, 1.1933366e+2
-0.258, 9.8082085e-9, -3.9945323e-9, 1.1966699e+2
-0.259, 9.8688391e-9, -3.9928549e-9, 1.2000033e+2
-0.260, 9.9540722e-9, -3.9999644e-9, 1.2033366e+2
-0.261, 9.9724451e-9, -4.0106682e-9, 1.2066700e+2
-0.262, 9.9951309e-9, -4.0212127e-9, 1.2100034e+2
-0.263, 1.0020853e-8, -4.0224908e-9, 1.2133367e+2
-0.264, 1.0040025e-8, -4.0303192e-9, 1.2166701e+2
-0.265, 1.0081882e-8, -4.0369494e-9, 1.2200034e+2
-0.266, 1.0142272e-8, -4.0434993e-9, 1.2233368e+2
-0.267, 1.0190042e-8, -4.0499697e-9, 1.2266702e+2
-0.268, 1.0269283e-8, -4.0540438e-9, 1.2300035e+2
-0.269, 1.0323843e-8, -4.0600350e-9, 1.2333369e+2
-0.270, 1.0397972e-8, -4.0661856e-9, 1.2366702e+2
-0.271, 1.0425292e-8, -4.0741739e-9, 1.2400036e+2
-0.272, 1.0451332e-8, -4.0748929e-9, 1.2433369e+2
-0.273, 1.0486321e-8, -4.0806443e-9, 1.2466703e+2
-0.274, 1.0500860e-8, -4.0876738e-9, 1.2500037e+2
-0.275, 1.0526262e-8, -4.0863162e-9, 1.2533370e+2
-0.276, 1.0558135e-8, -4.0935850e-9, 1.2566704e+2
-0.277, 1.0569237e-8, -4.0946233e-9, 1.2600037e+2
-0.278, 1.0593681e-8, -4.0964609e-9, 1.2633371e+2
-0.279, 1.0618765e-8, -4.1013335e-9, 1.2666705e+2
-0.280, 1.0639294e-8, -4.1024517e-9, 1.2700038e+2
-0.281, 1.0703358e-8, -4.1054875e-9, 1.2733372e+2
-0.282, 1.0723249e-8, -4.1077244e-9, 1.2766705e+2
-0.283, 1.0759594e-8, -4.1097215e-9, 1.2800038e+2
-0.284, 1.0817987e-8, -4.1107597e-9, 1.2833371e+2
-0.285, 1.0859766e-8, -4.1117181e-9, 1.2866704e+2
-0.286, 1.0902503e-8, -4.1148334e-9, 1.2900037e+2
-0.287, 1.0932777e-8, -4.1150732e-9, 1.2933369e+2
-0.288, 1.0947875e-8, -4.1164312e-9, 1.2966702e+2
-0.289, 1.0966887e-8, -4.1180286e-9, 1.3000035e+2
-0.290, 1.0972798e-8, -4.1203454e-9, 1.3033368e+2
-0.291, 1.0981984e-8, -4.1226618e-9, 1.3066701e+2
-0.292, 1.0995644e-8, -4.1216235e-9, 1.3100034e+2
-0.293, 1.1003792e-8, -4.1225019e-9, 1.3133366e+2
-0.294, 1.1020487e-8, -4.1238604e-9, 1.3166699e+2
-0.295, 1.1046848e-8, -4.1240997e-9, 1.3200032e+2
-0.296, 1.1075206e-8, -4.1258570e-9, 1.3233365e+2
-0.297, 1.1085111e-8, -4.1264161e-9, 1.3266698e+2
-0.298, 1.1151412e-8, -4.1260968e-9, 1.3300031e+2
-0.299, 1.1172581e-8, -4.1277746e-9, 1.3333363e+2
-0.300, 1.1229057e-8, -4.1268957e-9, 1.3366696e+2
-0.301, 1.1247669e-8, -4.1286530e-9, 1.3400029e+2
-0.302, 1.1305343e-8, -4.1276147e-9, 1.3433362e+2
-0.303, 1.1337296e-8, -4.1280939e-9, 1.3466695e+2
-0.304, 1.1337934e-8, -4.1269752e-9, 1.3500027e+2
-0.305, 1.1395529e-8, -4.1291321e-9, 1.3533360e+2
-0.306, 1.1408071e-8, -4.1275343e-9, 1.3566693e+2
-0.307, 1.1429319e-8, -4.1289723e-9, 1.3600026e+2
-0.308, 1.1454482e-8, -4.1282533e-9, 1.3633359e+2
-0.309, 1.1454402e-8, -4.1272950e-9, 1.3666692e+2
-0.310, 1.1466304e-8, -4.1263366e-9, 1.3700024e+2
-0.311, 1.1472854e-8, -4.1260968e-9, 1.3733357e+2
-0.312, 1.1481721e-8, -4.1267358e-9, 1.3766690e+2
-0.313, 1.1492426e-8, -4.1271351e-9, 1.3800023e+2
-0.314, 1.1503609e-8, -4.1276942e-9, 1.3833356e+2
-0.315, 1.1525976e-8, -4.1252179e-9, 1.3866689e+2
-0.316, 1.1551697e-8, -4.1272155e-9, 1.3900021e+2
-0.317, 1.1564238e-8, -4.1268153e-9, 1.3933354e+2
-0.318, 1.1617598e-8, -4.1240997e-9, 1.3966687e+2
-0.319, 1.1633815e-8, -4.1253778e-9, 1.4000020e+2
-0.320, 1.1667525e-8, -4.1234607e-9, 1.4033353e+2
-0.321, 1.1729912e-8, -4.1255377e-9, 1.4066685e+2
-0.322, 1.1750601e-8, -4.1252179e-9, 1.4100018e+2
-0.323, 1.1766898e-8, -4.1246588e-9, 1.4133351e+2
-0.324, 1.1837751e-8, -4.1220232e-9, 1.4166684e+2
-0.325, 1.1855326e-8, -4.1233013e-9, 1.4200017e+2
-0.326, 1.1874977e-8, -4.1213837e-9, 1.4233350e+2
-0.327, 1.1914597e-8, -4.1206647e-9, 1.4266682e+2
-0.328, 1.1926100e-8, -4.1194665e-9, 1.4300015e+2
-0.329, 1.1940559e-8, -4.1184283e-9, 1.4333348e+2
-0.330, 1.1948867e-8, -4.1169104e-9, 1.4366681e+2
-0.331, 1.1958612e-8, -4.1191472e-9, 1.4400014e+2
-0.332, 1.1968357e-8, -4.1173096e-9, 1.4433347e+2
-0.333, 1.1977225e-8, -4.1173096e-9, 1.4466679e+2
-0.334, 1.1998712e-8, -4.1153925e-9, 1.4500012e+2
-0.335, 1.2008298e-8, -4.1157122e-9, 1.4533345e+2
-0.336, 1.2030824e-8, -4.1145940e-9, 1.4566678e+2
-0.337, 1.2079393e-8, -4.1121977e-9, 1.4600011e+2
-0.338, 1.2110866e-8, -4.1038102e-9, 1.4633344e+2
-0.339, 1.2145854e-8, -4.1040495e-9, 1.4666676e+2
-0.340, 1.2374873e-8, -4.1016532e-9, 1.4700009e+2
-0.341, 1.2123967e-8, -4.0315173e-9, 1.4733342e+2
-0.342, 1.2174132e-8, -4.1409547e-9, 1.4766675e+2
-0.343, 1.2280054e-8, -4.1095616e-9, 1.4800008e+2
-0.344, 1.2298427e-8, -4.1145141e-9, 1.4833340e+2
-0.345, 1.2344040e-8, -4.1096411e-9, 1.4866673e+2
-0.346, 1.2353225e-8, -4.1117181e-9, 1.4900006e+2
-0.347, 1.2382621e-8, -4.1075645e-9, 1.4933339e+2
-0.348, 1.2407704e-8, -4.1094812e-9, 1.4966672e+2
-0.349, 1.2422003e-8, -4.1078838e-9, 1.5000005e+2
-0.350, 1.2434624e-8, -4.1083630e-9, 1.5033337e+2
-0.351, 1.2442372e-8, -4.1039696e-9, 1.5066670e+2
-0.352, 1.2457870e-8, -4.1058068e-9, 1.5100003e+2
-0.353, 1.2474326e-8, -4.0420618e-9, 1.5133336e+2
-0.354, 1.2487106e-8, -4.1117181e-9, 1.5166669e+2
-0.355, 1.2563792e-8, -3.9432484e-9, 1.5200002e+2
-0.356, 1.2459627e-8, -4.1491828e-9, 1.5233334e+2
-0.357, 1.2422403e-8, -4.2384896e-9, 1.5266667e+2
-0.358, 1.2650544e-8, -4.1471058e-9, 1.5300000e+2
-0.359, 1.2454196e-8, -4.1230610e-9, 1.5333333e+2
-0.360, 1.2558679e-8, -4.0863957e-9, 1.5366666e+2
-0.361, 1.2610283e-8, -4.0955022e-9, 1.5399998e+2
-0.362, 1.2619230e-8, -4.0970201e-9, 1.5433331e+2
-0.363, 1.2637682e-8, -4.0971799e-9, 1.5466664e+2
-0.364, 1.2652700e-8, -4.1002153e-9, 1.5499997e+2
-0.365, 1.2670754e-8, -4.0897508e-9, 1.5533330e+2
-0.366, 1.2747758e-8, -4.0506887e-9, 1.5566663e+2
-0.367, 1.2828758e-8, -4.1031707e-9, 1.5599995e+2
-0.368, 1.2717325e-8, -4.1161115e-9, 1.5633328e+2
-0.369, 1.2801919e-8, -4.0822421e-9, 1.5666661e+2
-0.370, 1.2865824e-8, -4.0958219e-9, 1.5699994e+2
-0.371, 1.2859354e-8, -4.0940642e-9, 1.5733327e+2
-0.372, 1.2903766e-8, -4.0879136e-9, 1.5766660e+2
-0.373, 1.2908560e-8, -4.0589168e-9, 1.5799992e+2
-0.374, 1.2910077e-8, -3.9990860e-9, 1.5833325e+2
-0.375, 1.2774839e-8, -4.1189874e-9, 1.5866658e+2
-0.376, 1.2938595e-8, -4.1022923e-9, 1.5899991e+2
-0.377, 1.2937877e-8, -4.0908690e-9, 1.5933324e+2
-0.378, 1.2954811e-8, -4.0848782e-9, 1.5966656e+2
-0.379, 1.2972785e-8, -4.0843986e-9, 1.5999989e+2
-0.380, 1.2986364e-8, -4.0822421e-9, 1.6033322e+2
-0.381, 1.3002899e-8, -4.0828012e-9, 1.6066655e+2
-0.382, 1.3040523e-8, -4.0809640e-9, 1.6099988e+2
-0.383, 1.3043240e-8, -4.0807242e-9, 1.6133321e+2
-0.384, 1.3064568e-8, -4.0812034e-9, 1.6166653e+2
-0.385, 1.3108022e-8, -4.0808836e-9, 1.6199986e+2
-0.386, 1.3131508e-8, -4.0772097e-9, 1.6233319e+2
-0.387, 1.3144769e-8, -4.0788071e-9, 1.6266652e+2
-0.388, 1.3235193e-8, -4.0752921e-9, 1.6299985e+2
-0.389, 1.3257002e-8, -4.0763308e-9, 1.6333318e+2
-0.390, 1.3283922e-8, -4.0779287e-9, 1.6366650e+2
-0.391, 1.3318271e-8, -4.0800052e-9, 1.6399983e+2
-0.392, 1.3336083e-8, -4.0769699e-9, 1.6433316e+2
-0.393, 1.3369395e-8, -4.0783279e-9, 1.6466649e+2
-0.394, 1.3385211e-8, -4.0776889e-9, 1.6499982e+2
-0.395, 1.3399910e-8, -4.0786472e-9, 1.6533315e+2
-0.396, 1.3417244e-8, -4.0771293e-9, 1.6566647e+2
-0.397, 1.3413489e-8, -4.0789669e-9, 1.6599980e+2
-0.398, 1.3433939e-8, -4.0764907e-9, 1.6633313e+2
-0.399, 1.3437693e-8, -4.0748929e-9, 1.6666646e+2
-0.400, 1.3445522e-8, -4.0755319e-9, 1.6699979e+2
-0.401, 1.3461977e-8, -4.0769699e-9, 1.6733311e+2
-0.402, 1.3479312e-8, -4.0807242e-9, 1.6766644e+2
-0.403, 1.3491133e-8, -4.0802450e-9, 1.6799977e+2
-0.404, 1.3524045e-8, -4.0780082e-9, 1.6833310e+2
-0.405, 1.3524604e-8, -4.0798458e-9, 1.6866643e+2
-0.406, 1.3555836e-8, -4.0816830e-9, 1.6899976e+2
-0.407, 1.3584675e-8, -4.0812034e-9, 1.6933308e+2
-0.408, 1.3612873e-8, -4.0801651e-9, 1.6966641e+2
-0.409, 1.3664475e-8, -4.0816026e-9, 1.6999974e+2
-0.410, 1.3677976e-8, -4.0815231e-9, 1.7033307e+2
-0.411, 1.3730058e-8, -4.0853574e-9, 1.7066640e+2
-0.412, 1.3776070e-8, -4.0867949e-9, 1.7099973e+2
-0.413, 1.3799236e-8, -4.0858366e-9, 1.7133305e+2
-0.414, 1.3860105e-8, -4.0851975e-9, 1.7166638e+2
-0.415, 1.3879196e-8, -4.0832004e-9, 1.7199971e+2
-0.416, 1.3868412e-8, -4.0848782e-9, 1.7233304e+2
-0.417, 1.3908993e-8, -4.0880734e-9, 1.7266637e+2
-0.418, 1.3912986e-8, -4.0859964e-9, 1.7299969e+2
-0.419, 1.3925688e-8, -4.0874344e-9, 1.7333302e+2
-0.420, 1.3946776e-8, -4.0661061e-9, 1.7366635e+2
-0.421, 1.3954764e-8, -4.0813632e-9, 1.7399968e+2
-0.422, 1.4077941e-8, -4.0689017e-9, 1.7433301e+2
-0.423, 1.3989114e-8, -4.0956620e-9, 1.7466634e+2
-0.424, 1.4033207e-8, -4.0925467e-9, 1.7499966e+2
-0.425, 1.4058849e-8, -4.0734554e-9, 1.7533299e+2
-0.426, 1.4162375e-8, -4.0285619e-9, 1.7566632e+2
-0.427, 1.4282995e-8, -4.0589168e-9, 1.7599965e+2
-0.428, 1.4201277e-8, -4.0919077e-9, 1.7633298e+2
-0.429, 1.4260229e-8, -4.1063659e-9, 1.7666631e+2
-0.430, 1.4327890e-8, -4.0974992e-9, 1.7699963e+2
-0.431, 1.4395230e-8, -4.0993369e-9, 1.7733296e+2
-0.432, 1.4382368e-8, -4.1023722e-9, 1.7766629e+2
-0.433, 1.4368549e-8, -4.1144341e-9, 1.7799962e+2
-0.434, 1.4419992e-8, -4.1166710e-9, 1.7833295e+2
-0.435, 1.4426063e-8, -4.1153925e-9, 1.7866628e+2
-0.436, 1.4462249e-8, -4.1089221e-9, 1.7899960e+2
-0.437, 1.4477108e-8, -4.1072448e-9, 1.7933293e+2
-0.438, 1.4496599e-8, -4.1123571e-9, 1.7966626e+2
-0.439, 1.4534303e-8, -4.1145141e-9, 1.7999959e+2
-0.440, 1.4556989e-8, -4.1145141e-9, 1.8033292e+2
-0.441, 1.4581353e-8, -4.1169903e-9, 1.8066624e+2
-0.442, 1.4656681e-8, -4.1214636e-9, 1.8099957e+2
-0.443, 1.4731689e-8, -4.1218633e-9, 1.8133290e+2
-0.444, 1.4787606e-8, -4.1248187e-9, 1.8166623e+2
-0.445, 1.4832660e-8, -4.1295318e-9, 1.8199956e+2
-0.446, 1.4873399e-8, -4.1342445e-9, 1.8233289e+2
-0.447, 1.4891851e-8, -4.1383985e-9, 1.8266621e+2
-0.448, 1.4904632e-8, -4.1427919e-9, 1.8299954e+2
-0.449, 1.4938902e-8, -4.1589279e-9, 1.8333287e+2
-0.450, 1.4959111e-8, -4.1842503e-9, 1.8366620e+2
-0.451, 1.5000650e-8, -4.1542947e-9, 1.8399953e+2
-0.452, 1.5099863e-8, -4.1560524e-9, 1.8433286e+2
-0.453, 1.5144595e-8, -4.1661172e-9, 1.8466618e+2
-0.454, 1.5239893e-8, -4.1820134e-9, 1.8499951e+2
-0.455, 1.5283907e-8, -4.1804959e-9, 1.8533284e+2
-0.456, 1.5352287e-8, -4.2031023e-9, 1.8566617e+2
-0.457, 1.5361714e-8, -4.2158832e-9, 1.8599950e+2
-0.458, 1.5385357e-8, -4.2371320e-9, 1.8633282e+2
-0.459, 1.5407405e-8, -4.2582204e-9, 1.8666615e+2
-0.460, 1.5441513e-8, -4.2670072e-9, 1.8699948e+2
-0.461, 1.5473946e-8, -4.2732382e-9, 1.8733281e+2
-0.462, 1.5514605e-8, -4.3072674e-9, 1.8766614e+2
-0.463, 1.5571242e-8, -4.3199684e-9, 1.8799947e+2
-0.464, 1.5663824e-8, -4.3397792e-9, 1.8833279e+2
-0.465, 1.5776456e-8, -4.2849804e-9, 1.8866612e+2
-0.466, 1.5787000e-8, -4.4114326e-9, 1.8899945e+2
-0.467, 1.5861689e-8, -4.3633439e-9, 1.8933278e+2
-0.468, 1.5906023e-8, -4.3766044e-9, 1.8966611e+2
-0.469, 1.5921280e-8, -4.3832342e-9, 1.8999944e+2
-0.470, 1.5936777e-8, -4.3503232e-9, 1.9033276e+2
-0.471, 1.6082641e-8, -4.4758970e-9, 1.9066609e+2
-0.472, 1.6091509e-8, -4.4756567e-9, 1.9099942e+2
-0.473, 1.6224829e-8, -4.4814885e-9, 1.9133275e+2
-0.474, 1.6314056e-8, -4.4821276e-9, 1.9166608e+2
-0.475, 1.6338900e-8, -4.5102455e-9, 1.9199940e+2
-0.476, 1.6377722e-8, -4.5078492e-9, 1.9233273e+2
-0.477, 1.6468068e-8, -4.4437050e-9, 1.9266606e+2
-0.478, 1.6438673e-8, -4.5597721e-9, 1.9299939e+2
-0.479, 1.6581501e-8, -4.4935504e-9, 1.9333272e+2
-0.480, 1.6530853e-8, -4.5838959e-9, 1.9366605e+2
-0.481, 1.6816589e-8, -4.5847748e-9, 1.9399937e+2
-0.482, 1.6753084e-8, -4.5589732e-9, 1.9433270e+2
-0.483, 1.6907094e-8, -4.6033870e-9, 1.9466603e+2
-0.484, 1.6872667e-8, -4.5602513e-9, 1.9499936e+2
-0.485, 1.6943043e-8, -4.5943609e-9, 1.9533269e+2
-0.486, 1.7046727e-8, -4.6043458e-9, 1.9566602e+2
-0.487, 1.7103682e-8, -4.6159285e-9, 1.9599934e+2
-0.488, 1.7255937e-8, -4.6182449e-9, 1.9633267e+2
-0.489, 1.7323995e-8, -4.6358988e-9, 1.9666600e+2
-0.490, 1.7348839e-8, -4.6445257e-9, 1.9699933e+2
-0.491, 1.7400122e-8, -4.6585056e-9, 1.9733266e+2
-0.492, 1.7453003e-8, -4.7501287e-9, 1.9766599e+2
-0.493, 1.7529050e-8, -4.7389457e-9, 1.9799931e+2
-0.494, 1.7711100e-8, -4.7448570e-9, 1.9833264e+2
-0.495, 1.7823174e-8, -4.7386264e-9, 1.9866597e+2
-0.496, 1.7847936e-8, -4.9098117e-9, 1.9899930e+2
-0.497, 1.7879970e-8, -4.8993472e-9, 1.9933263e+2
-0.498, 1.8035497e-8, -4.8824922e-9, 1.9966595e+2
-0.499, 1.7898103e-8, -4.9755542e-9, 1.9999928e+2
-0.500, 1.6177299e-8, -4.9046194e-9, 2.0033261e+2
-0.499, 1.5365147e-8, -4.8856075e-9, 2.0066594e+2
-0.498, 1.4580953e-8, -4.8277737e-9, 2.0099927e+2
-0.497, 1.3976732e-8, -4.7365489e-9, 2.0133260e+2
-0.496, 1.3443205e-8, -4.6913362e-9, 2.0166592e+2
-0.495, 1.2920782e-8, -4.6468425e-9, 2.0199925e+2
-0.494, 1.2455634e-8, -4.6255142e-9, 2.0233258e+2
-0.493, 1.1970035e-8, -4.6124140e-9, 2.0266591e+2
-0.492, 1.1492346e-8, -4.5993933e-9, 2.0299924e+2
-0.491, 1.1111791e-8, -4.5894080e-9, 2.0333257e+2
-0.490, 1.0786675e-8, -4.5580948e-9, 2.0366589e+2
-0.489, 1.0508368e-8, -4.5009796e-9, 2.0399922e+2
-0.488, 1.0028921e-8, -4.5420383e-9, 2.0433255e+2
-0.487, 9.6484465e-9, -4.5382840e-9, 2.0466588e+2
-0.486, 9.4608055e-9, -4.5028967e-9, 2.0499921e+2
-0.485, 9.0657926e-9, -4.4738195e-9, 2.0533253e+2
-0.484, 8.8248706e-9, -4.4452224e-9, 2.0566586e+2
-0.483, 8.5402538e-9, -4.4285273e-9, 2.0599919e+2
-0.482, 8.2302352e-9, -4.3901842e-9, 2.0633252e+2
-0.481, 8.0218250e-9, -4.3285957e-9, 2.0666585e+2
-0.480, 7.7092501e-9, -4.3101429e-9, 2.0699918e+2
-0.479, 7.5105850e-9, -4.2750754e-9, 2.0733250e+2
-0.478, 7.2196573e-9, -4.2353743e-9, 2.0766583e+2
-0.477, 7.0471140e-9, -4.1868065e-9, 2.0799916e+2
-0.476, 6.7461214e-9, -4.1693125e-9, 2.0833249e+2
-0.475, 6.6297345e-9, -4.1677950e-9, 2.0866582e+2
-0.474, 6.3808248e-9, -4.1314485e-9, 2.0899915e+2
-0.473, 6.1318350e-9, -4.1289723e-9, 2.0933247e+2
-0.472, 5.9981136e-9, -4.1209844e-9, 2.0966580e+2
-0.471, 5.7114997e-9, -4.1159520e-9, 2.0999913e+2
-0.470, 5.5892815e-9, -4.1098809e-9, 2.1033246e+2
-0.469, 5.3851847e-9, -4.1020525e-9, 2.1066579e+2
-0.468, 5.1476183e-9, -4.0941446e-9, 2.1099911e+2
-0.467, 5.0646216e-9, -4.0820822e-9, 2.1133244e+2
-0.466, 4.7833595e-9, -4.0764907e-9, 2.1166577e+2
-0.465, 4.6454045e-9, -4.0714583e-9, 2.1199910e+2
-0.464, 4.5678399e-9, -4.0570791e-9, 2.1233243e+2
-0.463, 4.3386610e-9, -4.0326356e-9, 2.1266576e+2
-0.462, 4.1527772e-9, -4.0411829e-9, 2.1299908e+2
-0.461, 4.0915880e-9, -3.9430885e-9, 2.1333241e+2
-0.460, 3.7561665e-9, -4.0804844e-9, 2.1366574e+2
-0.459, 3.6647827e-9, -4.0061150e-9, 2.1399907e+2
-0.458, 3.6044725e-9, -4.0049168e-9, 2.1433240e+2
-0.457, 3.4544554e-9, -3.9903787e-9, 2.1466573e+2
-0.456, 3.2493204e-9, -3.9782364e-9, 2.1499905e+2
-0.455, 3.1521048e-9, -3.9671333e-9, 2.1533238e+2
-0.454, 3.0806910e-9, -3.9607424e-9, 2.1566571e+2
-0.453, 2.8772336e-9, -3.9478816e-9, 2.1599904e+2
-0.452, 2.7561335e-9, -3.9334229e-9, 2.1633237e+2
-0.451, 2.6734566e-9, -3.9212811e-9, 2.1666570e+2
-0.450, 2.5736848e-9, -3.9077817e-9, 2.1699902e+2
-0.449, 2.4021798e-9, -3.8970773e-9, 2.1733235e+2
-0.448, 2.2478492e-9, -3.8685597e-9, 2.1766568e+2
-0.447, 2.1598998e-9, -3.8596131e-9, 2.1799901e+2
-0.446, 2.1078972e-9, -3.8501868e-9, 2.1833234e+2
-0.445, 1.9460580e-9, -3.8187138e-9, 2.1866566e+2
-0.444, 1.7819818e-9, -3.8145598e-9, 2.1899899e+2
-0.443, 1.7068934e-9, -3.7916341e-9, 2.1933232e+2
-0.442, 1.6554499e-9, -3.7750985e-9, 2.1966565e+2
-0.441, 1.5850745e-9, -3.7683088e-9, 2.1999898e+2
-0.440, 1.4403297e-9, -3.7468206e-9, 2.2033231e+2
-0.439, 1.3106825e-9, -3.7330015e-9, 2.2066563e+2
-0.438, 1.2113901e-9, -3.7206997e-9, 2.2099896e+2
-0.437, 1.1637010e-9, -3.7135102e-9, 2.2133229e+2
-0.436, 1.0885328e-9, -3.7008092e-9, 2.2166562e+2
-0.435, 9.5808672e-10, -3.6905043e-9, 2.2199895e+2
-0.434, 8.0064078e-10, -3.6768448e-9, 2.2233228e+2
-0.433, 7.5215290e-10, -3.6749275e-9, 2.2266560e+2
-0.432, 7.0534245e-10, -3.6704542e-9, 2.2299893e+2
-0.431, 6.5134276e-10, -3.6654215e-9, 2.2333226e+2
-0.430, 5.7657390e-10, -3.6560757e-9, 2.2366559e+2
-0.429, 4.4197404e-10, -3.6545580e-9, 2.2399892e+2
-0.428, 2.8852218e-10, -3.6449719e-9, 2.2433224e+2
-0.427, 2.3060828e-10, -3.6444128e-9, 2.2466557e+2
-0.426, 1.9921495e-10, -3.6414571e-9, 2.2499890e+2
-0.425, 1.6127136e-10, -3.6327503e-9, 2.2533223e+2
-0.424, 7.0046975e-11, -3.6330696e-9, 2.2566556e+2
-0.423, -5.2650606e-11, -3.6301941e-9, 2.2599889e+2
-0.422, -1.5777431e-10, -3.6283567e-9, 2.2633221e+2
-0.421, -2.3022660e-10, -3.6267591e-9, 2.2666554e+2
-0.420, -2.7440092e-10, -3.6238834e-9, 2.2699887e+2
-0.419, -2.9636826e-10, -3.6251617e-9, 2.2733220e+2
-0.418, -3.4813133e-10, -3.6214072e-9, 2.2766553e+2
-0.417, -4.1555107e-10, -3.6192502e-9, 2.2799886e+2
-0.416, -5.1420440e-10, -3.6103833e-9, 2.2833218e+2
-0.415, -6.4345229e-10, -3.6164545e-9, 2.2866551e+2
-0.414, -6.8866507e-10, -3.6126200e-9, 2.2899884e+2
-0.413, -7.4410261e-10, -3.6072683e-9, 2.2933217e+2
-0.412, -7.9091306e-10, -3.6027950e-9, 2.2966550e+2
-0.411, -8.2390395e-10, -3.6042325e-9, 2.2999883e+2
-0.410, -8.8709007e-10, -3.6040728e-9, 2.3033215e+2
-0.409, -9.5139441e-10, -3.6013570e-9, 2.3066548e+2
-0.408, -1.0606719e-9, -3.6003984e-9, 2.3099881e+2
-0.407, -1.1252160e-9, -3.5962444e-9, 2.3133214e+2
-0.406, -1.1937541e-9, -3.5900936e-9, 2.3166547e+2
-0.405, -1.2511887e-9, -3.5875374e-9, 2.3199879e+2
-0.404, -1.2734755e-9, -3.5860197e-9, 2.3233212e+2
-0.403, -1.3019932e-9, -3.5823453e-9, 2.3266545e+2
-0.402, -1.3479249e-9, -3.5777121e-9, 2.3299878e+2
-0.401, -1.4059985e-9, -3.5731589e-9, 2.3333211e+2
-0.400, -1.4661491e-9, -3.5713215e-9, 2.3366544e+2
-0.399, -1.5938793e-9, -3.5684460e-9, 2.3399876e+2
-0.398, -1.6595416e-9, -3.5608572e-9, 2.3433209e+2
-0.397, -1.7175354e-9, -3.5626144e-9, 2.3466542e+2
-0.396, -1.7716149e-9, -3.5539873e-9, 2.3499875e+2
-0.395, -1.7726535e-9, -3.5219549e-9, 2.3533208e+2
-0.394, -1.8223396e-9, -3.5522301e-9, 2.3566541e+2
-0.393, -1.8408720e-9, -3.5407273e-9, 2.3599873e+2
-0.392, -1.8895199e-9, -3.5125289e-9, 2.3633206e+2
-0.391, -1.8102775e-9, -3.5102126e-9, 2.3666539e+2
-0.390, -2.1298825e-9, -3.5602981e-9, 2.3699872e+2
-0.389, -2.2560946e-9, -3.5555852e-9, 2.3733205e+2
-0.388, -2.2218258e-9, -3.5403278e-9, 2.3766537e+2
-0.387, -2.2495446e-9, -3.5138070e-9, 2.3799870e+2
-0.386, -2.2508224e-9, -3.5237924e-9, 2.3833203e+2
-0.385, -2.3525912e-9, -3.5363334e-9, 2.3866536e+2
-0.384, -2.3421267e-9, -3.5244312e-9, 2.3899869e+2
-0.383, -2.3907745e-9, -3.4967125e-9, 2.3933202e+2
-0.382, -2.4516440e-9, -3.5171621e-9, 2.3966534e+2
-0.381, -2.5494986e-9, -3.5104522e-9, 2.3999867e+2
-0.380, -2.6120455e-9, -3.5066978e-9, 2.4033200e+2
-0.379, -2.6503886e-9, -3.5001475e-9, 2.4066533e+2
-0.378, -2.6212319e-9, -3.4626033e-9, 2.4099866e+2
-0.377, -2.7599856e-9, -3.4966328e-9, 2.4133199e+2
-0.376, -2.7114178e-9, -3.5129284e-9, 2.4166531e+2
-0.375, -2.7718881e-9, -3.5013457e-9, 2.4199864e+2
-0.374, -2.7884233e-9, -3.4484644e-9, 2.4233197e+2
-0.373, -2.8282041e-9, -3.5150853e-9, 2.4266530e+2
-0.372, -2.8806062e-9, -3.4884848e-9, 2.4299863e+2
-0.371, -2.8762925e-9, -3.4723486e-9, 2.4333195e+2
-0.370, -2.9558545e-9, -3.4801770e-9, 2.4366528e+2
-0.369, -3.0192799e-9, -3.4767422e-9, 2.4399861e+2
-0.368, -3.0607383e-9, -3.4632421e-9, 2.4433194e+2
-0.367, -3.1561964e-9, -3.4598076e-9, 2.4466527e+2
-0.366, -3.1903058e-9, -3.4570915e-9, 2.4499860e+2
-0.365, -3.2177050e-9, -3.4506209e-9, 2.4533192e+2
-0.364, -3.2434266e-9, -3.4421537e-9, 2.4566525e+2
-0.363, -3.2654741e-9, -3.4451093e-9, 2.4599858e+2
-0.362, -3.2920744e-9, -3.4414347e-9, 2.4633191e+2
-0.361, -3.3183554e-9, -3.4323282e-9, 2.4666524e+2
-0.360, -3.3356098e-9, -3.4257781e-9, 2.4699857e+2
-0.359, -3.3525445e-9, -3.4268164e-9, 2.4733189e+2
-0.358, -3.3738730e-9, -3.4120384e-9, 2.4766522e+2
-0.357, -3.4090206e-9, -3.4149941e-9, 2.4799855e+2
-0.356, -3.4549523e-9, -3.3963818e-9, 2.4833188e+2
-0.355, -3.4893013e-9, -3.3919081e-9, 2.4866521e+2
-0.354, -3.5699814e-9, -3.3826422e-9, 2.4899854e+2
-0.353, -3.5884340e-9, -3.3800058e-9, 2.4933186e+2
-0.352, -3.6493033e-9, -3.3692218e-9, 2.4966519e+2
-0.351, -3.6990695e-9, -3.3608343e-9, 2.4999852e+2
-0.350, -3.7067380e-9, -3.3538052e-9, 2.5033185e+2
-0.349, -3.7213563e-9, -3.3527665e-9, 2.5066518e+2
-0.348, -3.7415662e-9, -3.3359115e-9, 2.5099850e+2
-0.347, -3.7458796e-9, -3.3323169e-9, 2.5133183e+2
-0.346, -3.7744772e-9, -3.3257668e-9, 2.5166516e+2
-0.345, -3.7968442e-9, -3.3114680e-9, 2.5199849e+2
-0.344, -3.8084269e-9, -3.3063554e-9, 2.5233182e+2
-0.343, -3.8518024e-9, -3.2936545e-9, 2.5266515e+2
-0.342, -3.8717727e-9, -3.2823113e-9, 2.5299847e+2
-0.341, -3.9324024e-9, -3.2950123e-9, 2.5333180e+2
-0.340, -3.9770565e-9, -3.2908585e-9, 2.5366513e+2
-0.339, -4.0161980e-9, -3.2727256e-9, 2.5399846e+2
-0.338, -4.0924046e-9, -3.2680925e-9, 2.5433179e+2
-0.337, -4.1068633e-9, -3.2506784e-9, 2.5466512e+2
-0.336, -4.1404133e-9, -3.2544327e-9, 2.5499844e+2
-0.335, -4.1837884e-9, -3.2430896e-9, 2.5533177e+2
-0.334, -4.1983275e-9, -3.2318264e-9, 2.5566510e+2
-0.333, -4.2130255e-9, -3.2354210e-9, 2.5599843e+2
-0.332, -4.2226911e-9, -3.2240779e-9, 2.5633176e+2
-0.331, -4.2391464e-9, -3.2148115e-9, 2.5666510e+2
-0.330, -4.2465755e-9, -3.2021106e-9, 2.5699844e+2
-0.329, -4.2797259e-9, -3.2068235e-9, 2.5733179e+2
-0.328, -4.2974597e-9, -3.1946015e-9, 2.5766513e+2
-0.327, -4.3278945e-9, -3.1938829e-9, 2.5799847e+2
-0.326, -4.3472257e-9, -3.1842173e-9, 2.5833182e+2
-0.325, -4.3818944e-9, -3.1871725e-9, 2.5866516e+2
-0.324, -4.4157638e-9, -3.1745515e-9, 2.5899850e+2
-0.323, -4.4751158e-9, -3.1779066e-9, 2.5933185e+2
-0.322, -4.5151363e-9, -3.1673622e-9, 2.5966519e+2
-0.321, -4.5426951e-9, -3.1680010e-9, 2.5999854e+2
-0.320, -4.5695354e-9, -3.1606522e-9, 2.6033188e+2
-0.319, -4.6221773e-9, -3.1592944e-9, 2.6066522e+2
-0.318, -4.6379136e-9, -3.1559393e-9, 2.6099857e+2
-0.317, -4.6614783e-9, -3.1533831e-9, 2.6133191e+2
-0.316, -4.6879993e-9, -3.1464331e-9, 2.6166525e+2
-0.315, -4.6927924e-9, -3.1497085e-9, 2.6199860e+2
-0.314, -4.7044546e-9, -3.1399630e-9, 2.6233194e+2
-0.313, -4.7136410e-9, -3.1406020e-9, 2.6266528e+2
-0.312, -4.7215494e-9, -3.1361287e-9, 2.6299863e+2
-0.311, -4.7297770e-9, -3.1374865e-9, 2.6333197e+2
-0.310, -4.7440758e-9, -3.1326137e-9, 2.6366531e+2
-0.309, -4.7668420e-9, -3.1329335e-9, 2.6399866e+2
-0.308, -4.8071018e-9, -3.1286995e-9, 2.6433200e+2
-0.307, -4.8100577e-9, -3.1296581e-9, 2.6466534e+2
-0.306, -4.8430486e-9, -3.1221494e-9, 2.6499869e+2
-0.305, -4.8515960e-9, -3.1247855e-9, 2.6533203e+2
-0.304, -4.8721254e-9, -3.1187946e-9, 2.6566537e+2
-0.303, -4.9268438e-9, -3.1196730e-9, 2.6599872e+2
-0.302, -4.9281224e-9, -3.1134424e-9, 2.6633206e+2
-0.301, -5.0042490e-9, -3.1135223e-9, 2.6666541e+2
-0.300, -5.0613642e-9, -3.1068921e-9, 2.6699875e+2
-0.299, -5.0827724e-9, -3.1108063e-9, 2.6733209e+2
-0.298, -5.1168816e-9, -3.1014602e-9, 2.6766544e+2
-0.297, -5.1546651e-9, -3.0993832e-9, 2.6799878e+2
-0.296, -5.1673665e-9, -3.0940310e-9, 2.6833212e+2
-0.295, -5.1915707e-9, -3.0929128e-9, 2.6866547e+2
-0.294, -5.2069877e-9, -3.0850844e-9, 2.6899881e+2
-0.293, -5.2332685e-9, -3.0819691e-9, 2.6933215e+2
-0.292, -5.2418159e-9, -3.0733420e-9, 2.6966550e+2
-0.291, -5.2623452e-9, -3.0687888e-9, 2.6999884e+2
-0.290, -5.2898246e-9, -3.0584841e-9, 2.7033218e+2
-0.289, -5.3026055e-9, -3.0546499e-9, 2.7066553e+2
-0.288, -5.3194600e-9, -3.0482592e-9, 2.7099887e+2
-0.287, -5.3490963e-9, -3.0484191e-9, 2.7133221e+2
-0.286, -5.3630753e-9, -3.0371556e-9, 2.7166556e+2
-0.285, -5.4094067e-9, -3.0290879e-9, 2.7199890e+2
-0.284, -5.4626073e-9, -3.0214191e-9, 2.7233224e+2
-0.283, -5.5001514e-9, -3.0183838e-9, 2.7266559e+2
-0.282, -5.5686100e-9, -3.0085583e-9, 2.7299893e+2
-0.281, -5.6194942e-9, -2.9989726e-9, 2.7333228e+2
-0.280, -5.6487308e-9, -2.9965761e-9, 2.7366562e+2
-0.279, -5.6673430e-9, -2.9814786e-9, 2.7399896e+2
-0.278, -5.6798046e-9, -2.9679785e-9, 2.7433231e+2
-0.277, -5.6956209e-9, -2.9591916e-9, 2.7466565e+2
-0.276, -5.7158309e-9, -2.9368248e-9, 2.7499899e+2
-0.275, -5.7357217e-9, -2.9238840e-9, 2.7533234e+2
-0.274, -5.7901204e-9, -2.8980027e-9, 2.7566568e+2
-0.273, -5.8100107e-9, -2.8866596e-9, 2.7599902e+2
-0.272, -5.8446794e-9, -2.8553460e-9, 2.7633237e+2
-0.271, -5.8982002e-9, -2.8286657e-9, 2.7666571e+2
-0.270, -5.9600280e-9, -2.7995888e-9, 2.7699905e+2
-0.269, -6.0362346e-9, -2.7776215e-9, 2.7733240e+2
-0.268, -6.1169150e-9, -2.7475862e-9, 2.7766574e+2
-0.267, -6.1515832e-9, -2.7304117e-9, 2.7799908e+2
-0.266, -6.1636451e-9, -2.7103617e-9, 2.7833243e+2
-0.265, -6.1907253e-9, -2.6992579e-9, 2.7866577e+2
-0.264, -6.2073404e-9, -2.6759326e-9, 2.7899911e+2
-0.263, -6.2528724e-9, -2.6694624e-9, 2.7933246e+2
-0.262, -6.2825083e-9, -2.6533262e-9, 2.7966580e+2
-0.261, -6.3461738e-9, -2.6491727e-9, 2.7999915e+2
-0.260, -6.4155108e-9, -2.6390277e-9, 2.8033249e+2
-0.259, -6.4850076e-9, -2.6333562e-9, 2.8066583e+2
-0.258, -6.5711192e-9, -2.6192173e-9, 2.8099918e+2
-0.257, -6.6148944e-9, -2.6138651e-9, 2.8133252e+2
-0.256, -6.6400574e-9, -2.5945337e-9, 2.8166586e+2
-0.255, -6.6675359e-9, -2.5881433e-9, 2.8199921e+2
-0.254, -6.6753643e-9, -2.5671345e-9, 2.8233255e+2
-0.253, -6.7050800e-9, -2.5575486e-9, 2.8266589e+2
-0.252, -6.7506130e-9, -2.5359808e-9, 2.8299924e+2
-0.251, -6.7772130e-9, -2.5225608e-9, 2.8333258e+2
-0.250, -6.8270589e-9, -2.5045077e-9, 2.8366592e+2
-0.249, -6.8954371e-9, -2.4840581e-9, 2.8399927e+2
-0.248, -6.9748394e-9, -2.4586559e-9, 2.8433261e+2
-0.247, -7.0508062e-9, -2.4271027e-9, 2.8466595e+2
-0.246, -7.0925044e-9, -2.4006621e-9, 2.8499930e+2
-0.245, -7.1463444e-9, -2.3607214e-9, 2.8533264e+2
-0.244, -7.1615220e-9, -2.3269315e-9, 2.8566599e+2
-0.243, -7.1798145e-9, -2.2933815e-9, 2.8599933e+2
-0.242, -7.2084121e-9, -2.2648639e-9, 2.8633267e+2
-0.241, -7.2384472e-9, -2.2363464e-9, 2.8666602e+2
-0.240, -7.2565802e-9, -2.2095061e-9, 2.8699936e+2
-0.239, -7.2866957e-9, -2.1976838e-9, 2.8733270e+2
-0.238, -7.2973201e-9, -2.1802697e-9, 2.8766605e+2
-0.237, -7.3443696e-9, -2.1705242e-9, 2.8799939e+2
-0.236, -7.4058786e-9, -2.1602995e-9, 2.8833273e+2
-0.235, -7.4427038e-9, -2.1571840e-9, 2.8866608e+2
-0.234, -7.5103630e-9, -2.1501545e-9, 2.8899942e+2
-0.233, -7.5515016e-9, -2.1474384e-9, 2.8933276e+2
-0.232, -7.5794597e-9, -2.1393705e-9, 2.8966611e+2
-0.231, -7.6176434e-9, -2.1372935e-9, 2.8999945e+2
-0.230, -7.6259505e-9, -2.1258706e-9, 2.9033279e+2
-0.229, -7.6462410e-9, -2.1249920e-9, 2.9066614e+2
-0.228, -7.6469604e-9, -2.1099742e-9, 2.9099948e+2
-0.227, -7.6615780e-9, -2.1123705e-9, 2.9133282e+2
-0.226, -7.6785929e-9, -2.0965540e-9, 2.9166617e+2
-0.225, -7.6922531e-9, -2.0963944e-9, 2.9199951e+2
-0.224, -7.7102262e-9, -2.0849715e-9, 2.9233286e+2
-0.223, -7.7409004e-9, -2.0821755e-9, 2.9266620e+2
-0.222, -7.7544007e-9, -2.0695543e-9, 2.9299954e+2
-0.221, -7.7734921e-9, -2.0661195e-9, 2.9333289e+2
-0.220, -7.8308462e-9, -2.0588502e-9, 2.9366623e+2
-0.219, -7.8357996e-9, -2.0579713e-9, 2.9399957e+2
-0.218, -7.8513764e-9, -2.0454300e-9, 2.9433292e+2
-0.217, -7.8982669e-9, -2.0417557e-9, 2.9466626e+2
-0.216, -7.9516269e-9, -2.0337676e-9, 2.9499960e+2
-0.215, -7.9850180e-9, -2.0315309e-9, 2.9533295e+2
-0.214, -8.0025115e-9, -2.0232231e-9, 2.9566629e+2
-0.213, -8.0757623e-9, -2.0231434e-9, 2.9599963e+2
-0.212, -8.0779197e-9, -2.0126789e-9, 2.9633298e+2
-0.211, -8.0923783e-9, -2.0068474e-9, 2.9666632e+2
-0.210, -8.1125080e-9, -2.0046906e-9, 2.9699966e+2
-0.209, -8.1220133e-9, -1.9979807e-9, 2.9733301e+2
-0.208, -8.1238509e-9, -1.9923092e-9, 2.9766635e+2
-0.207, -8.1443003e-9, -1.9896731e-9, 2.9799969e+2
-0.206, -8.1383096e-9, -1.9797677e-9, 2.9833304e+2
-0.205, -8.1392688e-9, -1.9737767e-9, 2.9866638e+2
-0.204, -8.1542062e-9, -1.9676258e-9, 2.9899973e+2
-0.203, -8.1618738e-9, -1.9701021e-9, 2.9933307e+2
-0.202, -8.1732976e-9, -1.9515698e-9, 2.9966641e+2
-0.201, -8.1904714e-9, -1.9463775e-9, 2.9999976e+2
-0.200, -8.2025347e-9, -1.9375905e-9, 3.0033310e+2
-0.199, -8.2288949e-9, -1.9368716e-9, 3.0066644e+2
-0.198, -8.2288150e-9, -1.9165818e-9, 3.0099979e+2
-0.197, -8.2610869e-9, -1.9229722e-9, 3.0133313e+2
-0.196, -8.2839335e-9, -1.9106705e-9, 3.0166647e+2
-0.195, -8.2958360e-9, -1.9108304e-9, 3.0199982e+2
-0.194, -8.3446432e-9, -1.9020432e-9, 3.0233316e+2
-0.193, -8.3446432e-9, -1.9046795e-9, 3.0266650e+2
-0.192, -8.3388914e-9, -1.8779192e-9, 3.0299985e+2
-0.191, -8.4132603e-9, -1.8791175e-9, 3.0333319e+2
-0.190, -8.3954470e-9, -1.8828719e-9, 3.0366653e+2
-0.189, -8.4249239e-9, -1.8756825e-9, 3.0399988e+2
-0.188, -8.4754888e-9, -1.8581087e-9, 3.0433322e+2
-0.187, -8.4698968e-9, -1.8513987e-9, 3.0466656e+2
-0.186, -8.5027274e-9, -1.8494815e-9, 3.0499991e+2
-0.185, -8.5162277e-9, -1.8536354e-9, 3.0533325e+2
-0.184, -8.5250145e-9, -1.8248780e-9, 3.0566660e+2
-0.183, -8.5635170e-9, -1.8323869e-9, 3.0599994e+2
-0.182, -8.5576861e-9, -1.8232804e-9, 3.0633328e+2
-0.181, -8.5845260e-9, -1.8172095e-9, 3.0666663e+2
-0.180, -8.5739016e-9, -1.8085823e-9, 3.0699997e+2
-0.179, -8.5857241e-9, -1.8071445e-9, 3.0733331e+2
-0.178, -8.6029788e-9, -1.8013131e-9, 3.0766666e+2
-0.177, -8.6083309e-9, -1.7969994e-9, 3.0800000e+2
-0.176, -8.6077714e-9, -1.7880527e-9, 3.0833334e+2
-0.175, -8.6231093e-9, -1.7888516e-9, 3.0866669e+2
-0.174, -8.6206322e-9, -1.7771888e-9, 3.0900003e+2
-0.173, -8.6289402e-9, -1.7709582e-9, 3.0933337e+2
-0.172, -8.6362091e-9, -1.7620115e-9, 3.0966672e+2
-0.171, -8.6358902e-9, -1.7606536e-9, 3.1000006e+2
-0.170, -8.6386853e-9, -1.7606536e-9, 3.1033340e+2
-0.169, -8.6512273e-9, -1.7579375e-9, 3.1066675e+2
-0.168, -8.6489900e-9, -1.7586564e-9, 3.1100009e+2
-0.167, -8.6553005e-9, -1.7537838e-9, 3.1133344e+2
-0.166, -8.6648066e-9, -1.7440382e-9, 3.1166678e+2
-0.165, -8.6830196e-9, -1.7398044e-9, 3.1200012e+2
-0.164, -8.6803835e-9, -1.7313371e-9, 3.1233347e+2
-0.163, -8.6878131e-9, -1.7361300e-9, 3.1266681e+2
-0.162, -8.7129752e-9, -1.7238282e-9, 3.1300015e+2
-0.161, -8.7081817e-9, -1.7223105e-9, 3.1333350e+2
-0.160, -8.7153715e-9, -1.7187159e-9, 3.1366684e+2
-0.159, -8.7364604e-9, -1.7171182e-9, 3.1400018e+2
-0.158, -8.7475636e-9, -1.7140029e-9, 3.1433353e+2
-0.157, -8.7543537e-9, -1.7104081e-9, 3.1466687e+2
-0.156, -8.7847081e-9, -1.7080117e-9, 3.1500021e+2
-0.155, -8.7715284e-9, -1.7074525e-9, 3.1533356e+2
-0.154, -8.7795957e-9, -1.7008225e-9, 3.1566690e+2
-0.153, -8.7912593e-9, -1.7062544e-9, 3.1600024e+2
-0.152, -8.8109093e-9, -1.6985059e-9, 3.1633359e+2
-0.151, -8.8248093e-9, -1.7028993e-9, 3.1666693e+2
-0.150, -8.8433412e-9, -1.6925948e-9, 3.1700027e+2
-0.149, -8.8748147e-9, -1.7010622e-9, 3.1733362e+2
-0.148, -8.8982199e-9, -1.6904379e-9, 3.1766696e+2
-0.147, -8.8943857e-9, -1.6939526e-9, 3.1800031e+2
-0.146, -8.9284953e-9, -1.6881213e-9, 3.1833365e+2
-0.145, -8.9586898e-9, -1.6921153e-9, 3.1866699e+2
-0.144, -8.9796988e-9, -1.6851658e-9, 3.1900034e+2
-0.143, -9.0074179e-9, -1.6871627e-9, 3.1933368e+2
-0.142, -8.9985503e-9, -1.6830088e-9, 3.1966702e+2
-0.141, -9.0290655e-9, -1.6866835e-9, 3.2000037e+2
-0.140, -9.0417664e-9, -1.6797338e-9, 3.2033371e+2
-0.139, -9.0555057e-9, -1.6806925e-9, 3.2066705e+2
-0.138, -9.0584615e-9, -1.6788552e-9, 3.2100040e+2
-0.137, -9.0814671e-9, -1.6787752e-9, 3.2133374e+2
-0.136, -9.0828252e-9, -1.6764587e-9, 3.2166708e+2
-0.135, -9.1014378e-9, -1.6755002e-9, 3.2200043e+2
-0.134, -9.0987218e-9, -1.6736629e-9, 3.2233377e+2
-0.133, -9.1178132e-9, -1.6761392e-9, 3.2266711e+2
-0.132, -9.1200505e-9, -1.6710269e-9, 3.2300046e+2
-0.131, -9.1320320e-9, -1.6725445e-9, 3.2333380e+2
-0.130, -9.1428163e-9, -1.6679114e-9, 3.2366714e+2
-0.129, -9.1494465e-9, -1.6711865e-9, 3.2400049e+2
-0.128, -9.1495265e-9, -1.6670327e-9, 3.2433383e+2
-0.127, -9.1722923e-9, -1.6685505e-9, 3.2466718e+2
-0.126, -9.1793222e-9, -1.6633581e-9, 3.2500052e+2
-0.125, -9.1861923e-9, -1.6676719e-9, 3.2533386e+2
-0.124, -9.1870707e-9, -1.6620800e-9, 3.2566721e+2
-0.123, -9.1939398e-9, -1.6673523e-9, 3.2600055e+2
-0.122, -9.2086383e-9, -1.6625594e-9, 3.2633389e+2
-0.121, -9.2205408e-9, -1.6639973e-9, 3.2666724e+2
-0.120, -9.2206207e-9, -1.6606422e-9, 3.2700058e+2
-0.119, -9.2311643e-9, -1.6617606e-9, 3.2733392e+2
-0.118, -9.2353982e-9, -1.6590447e-9, 3.2766727e+2
-0.117, -9.2473806e-9, -1.6609617e-9, 3.2800061e+2
-0.116, -9.2523331e-9, -1.6587250e-9, 3.2833395e+2
-0.115, -9.2619192e-9, -1.6583257e-9, 3.2866730e+2
-0.114, -9.3058539e-9, -1.6561689e-9, 3.2900064e+2
-0.113, -9.3072119e-9, -1.6550505e-9, 3.2933398e+2
-0.112, -9.3103267e-9, -1.6541718e-9, 3.2966733e+2
-0.111, -9.3703179e-9, -1.6563287e-9, 3.3000067e+2
-0.110, -9.3466728e-9, -1.6530535e-9, 3.3033401e+2
-0.109, -9.4012318e-9, -1.6538524e-9, 3.3066736e+2
-0.108, -9.4521164e-9, -1.6505772e-9, 3.3100070e+2
-0.107, -9.4571488e-9, -1.6512163e-9, 3.3133405e+2
-0.106, -9.4855865e-9, -1.6493790e-9, 3.3166739e+2
-0.105, -9.5026014e-9, -1.6515358e-9, 3.3200073e+2
-0.104, -9.5128261e-9, -1.6445860e-9, 3.3233408e+2
-0.103, -9.5722577e-9, -1.6480209e-9, 3.3266742e+2
-0.102, -9.5685833e-9, -1.6437074e-9, 3.3300076e+2
-0.101, -9.5869561e-9, -1.6443465e-9, 3.3333411e+2
-0.100, -9.5821626e-9, -1.6413110e-9, 3.3366745e+2
-0.099, -9.6002166e-9, -1.6421099e-9, 3.3400079e+2
-0.098, -9.6051691e-9, -1.6416304e-9, 3.3433414e+2
-0.097, -9.6135562e-9, -1.6408317e-9, 3.3466748e+2
-0.096, -9.6158725e-9, -1.6369175e-9, 3.3500082e+2
-0.095, -9.6457482e-9, -1.6361985e-9, 3.3533417e+2
-0.094, -9.6343253e-9, -1.6368377e-9, 3.3566751e+2
-0.093, -9.6550945e-9, -1.6366778e-9, 3.3600085e+2
-0.092, -9.6805763e-9, -1.6344411e-9, 3.3633420e+2
-0.091, -9.6931183e-9, -1.6308465e-9, 3.3666754e+2
-0.090, -9.7118900e-9, -1.6294086e-9, 3.3700089e+2
-0.089, -9.7396891e-9, -1.6306868e-9, 3.3733423e+2
-0.088, -9.7554249e-9, -1.6253346e-9, 3.3766757e+2
-0.087, -9.7980024e-9, -1.6279709e-9, 3.3800092e+2
-0.086, -9.8305932e-9, -1.6211810e-9, 3.3833426e+2
-0.085, -9.8814779e-9, -1.6243762e-9, 3.3866760e+2
-0.084, -9.9290078e-9, -1.6211010e-9, 3.3900095e+2
-0.083, -9.9725428e-9, -1.6203022e-9, 3.3933429e+2
-0.082, -1.0023028e-8, -1.6216603e-9, 3.3966763e+2
-0.081, -1.0052504e-8, -1.6168673e-9, 3.4000098e+2
-0.080, -1.0062170e-8, -1.6123141e-9, 3.4033432e+2
-0.079, -1.0089169e-8, -1.6158288e-9, 3.4066766e+2
-0.078, -1.0086693e-8, -1.6101572e-9, 3.4100101e+2
-0.077, -1.0106183e-8, -1.6109561e-9, 3.4133435e+2
-0.076, -1.0127033e-8, -1.6087193e-9, 3.4166769e+2
-0.075, -1.0139733e-8, -1.6130330e-9, 3.4200104e+2
-0.074, -1.0157708e-8, -1.6038466e-9, 3.4233438e+2
-0.073, -1.0204357e-8, -1.6045656e-9, 3.4266772e+2
-0.072, -1.0232236e-8, -1.6051248e-9, 3.4300107e+2
-0.071, -1.0279287e-8, -1.6056839e-9, 3.4333441e+2
-0.070, -1.0313236e-8, -1.5991336e-9, 3.4366776e+2
-0.069, -1.0415405e-8, -1.5992934e-9, 3.4400110e+2
-0.068, -1.0423392e-8, -1.5982550e-9, 3.4433444e+2
-0.067, -1.0452309e-8, -1.5991336e-9, 3.4466779e+2
-0.066, -1.0524762e-8, -1.5897077e-9, 3.4500113e+2
-0.065, -1.0546090e-8, -1.5925035e-9, 3.4533447e+2
-0.064, -1.0554717e-8, -1.5900271e-9, 3.4566782e+2
-0.063, -1.0585551e-8, -1.5909858e-9, 3.4600116e+2
-0.062, -1.0584193e-8, -1.5877107e-9, 3.4633450e+2
-0.061, -1.0612631e-8, -1.5938616e-9, 3.4666785e+2
-0.060, -1.0632840e-8, -1.5864325e-9, 3.4700119e+2
-0.059, -1.0657764e-8, -1.5873911e-9, 3.4733453e+2
-0.058, -1.0712164e-8, -1.5811604e-9, 3.4766788e+2
-0.057, -1.0744595e-8, -1.5838763e-9, 3.4800122e+2
-0.056, -1.0786692e-8, -1.5801219e-9, 3.4833456e+2
-0.055, -1.0894772e-8, -1.5812402e-9, 3.4866791e+2
-0.054, -1.0949091e-8, -1.5751693e-9, 3.4900125e+2
-0.053, -1.1015552e-8, -1.5792432e-9, 3.4933459e+2
-0.052, -1.1050539e-8, -1.5745303e-9, 3.4966794e+2
-0.051, -1.1069392e-8, -1.5768469e-9, 3.5000128e+2
-0.050, -1.1091679e-8, -1.5694978e-9, 3.5033463e+2
-0.049, -1.1123631e-8, -1.5707757e-9, 3.5066797e+2
-0.048, -1.1132419e-8, -1.5698173e-9, 3.5100131e+2
-0.047, -1.1184421e-8, -1.5676604e-9, 3.5133466e+2
-0.046, -1.1201435e-8, -1.5635865e-9, 3.5166800e+2
-0.045, -1.1249364e-8, -1.5653439e-9, 3.5200134e+2
-0.044, -1.1325651e-8, -1.5669415e-9, 3.5233469e+2
-0.043, -1.1383006e-8, -1.5651841e-9, 3.5266803e+2
-0.042, -1.1446032e-8, -1.5601516e-9, 3.5300137e+2
-0.041, -1.1507461e-8, -1.5636664e-9, 3.5333472e+2
-0.040, -1.1532224e-8, -1.5559180e-9, 3.5366806e+2
-0.039, -1.1563298e-8, -1.5589534e-9, 3.5400140e+2
-0.038, -1.1569928e-8, -1.5577553e-9, 3.5433475e+2
-0.037, -1.1599723e-8, -1.5544800e-9, 3.5466809e+2
-0.036, -1.1631596e-8, -1.5524830e-9, 3.5500143e+2
-0.035, -1.1672975e-8, -1.5559978e-9, 3.5533478e+2
-0.034, -1.1733285e-8, -1.5504860e-9, 3.5566812e+2
-0.033, -1.1809571e-8, -1.5517641e-9, 3.5600146e+2
-0.032, -1.1870362e-8, -1.5476901e-9, 3.5633481e+2
-0.031, -1.1970932e-8, -1.5480096e-9, 3.5666815e+2
-0.030, -1.2008955e-8, -1.5476901e-9, 3.5700150e+2
-0.029, -1.2042745e-8, -1.5468115e-9, 3.5733484e+2
-0.028, -1.2056165e-8, -1.5436162e-9, 3.5766818e+2
-0.027, -1.2077013e-8, -1.5425777e-9, 3.5800153e+2
-0.026, -1.2115597e-8, -1.5437760e-9, 3.5833487e+2
-0.025, -1.2171832e-8, -1.5450540e-9, 3.5866821e+2
-0.024, -1.2213292e-8, -1.5405807e-9, 3.5900156e+2
-0.023, -1.2291895e-8, -1.5358678e-9, 3.5933490e+2
-0.022, -1.2328639e-8, -1.5361074e-9, 3.5966824e+2
-0.021, -1.2416828e-8, -1.5371457e-9, 3.6000159e+2
-0.020, -1.2460604e-8, -1.5341103e-9, 3.6033493e+2
-0.019, -1.2505976e-8, -1.5331517e-9, 3.6066827e+2
-0.018, -1.2525468e-8, -1.5339506e-9, 3.6100162e+2
-0.017, -1.2546556e-8, -1.5349890e-9, 3.6133496e+2
-0.016, -1.2553905e-8, -1.5274003e-9, 3.6166830e+2
-0.015, -1.2590331e-8, -1.5325925e-9, 3.6200165e+2
-0.014, -1.2598320e-8, -1.5303558e-9, 3.6233499e+2
-0.013, -1.2643372e-8, -1.5270808e-9, 3.6266833e+2
-0.012, -1.2689703e-8, -1.5285986e-9, 3.6300168e+2
-0.011, -1.2728605e-8, -1.5281991e-9, 3.6333502e+2
-0.010, -1.2792031e-8, -1.5218885e-9, 3.6366837e+2
-0.009, -1.2860409e-8, -1.5217287e-9, 3.6400171e+2
-0.008, -1.2918402e-8, -1.5187731e-9, 3.6433505e+2
-0.007, -1.2977195e-8, -1.5199714e-9, 3.6466840e+2
-0.006, -1.3003236e-8, -1.5211696e-9, 3.6500174e+2
-0.005, -1.3031435e-8, -1.5155779e-9, 3.6533508e+2
-0.004, -1.3032474e-8, -1.5118234e-9, 3.6566843e+2
-0.003, -1.3051884e-8, -1.5143797e-9, 3.6600177e+2
-0.002, -1.3077127e-8, -1.5156577e-9, 3.6633511e+2
-0.001, -1.3095260e-8, -1.5125424e-9, 3.6666846e+2
-0.000, -1.3099493e-8, -1.5060720e-9, 3.6700180e+2
0.001, -1.3136159e-8, -1.5077495e-9, 3.6733514e+2
0.002, -1.3133283e-8, -1.5091075e-9, 3.6766849e+2
0.003, -1.3159324e-8, -1.5055128e-9, 3.6800183e+2
0.004, -1.3175302e-8, -1.4996017e-9, 3.6833517e+2
0.005, -1.3196390e-8, -1.5011193e-9, 3.6866852e+2
0.006, -1.3219954e-8, -1.4942496e-9, 3.6900186e+2
0.007, -1.3239925e-8, -1.4975247e-9, 3.6933521e+2
0.008, -1.3266924e-8, -1.4962467e-9, 3.6966855e+2
0.009, -1.3278028e-8, -1.4992821e-9, 3.7000189e+2
0.010, -1.3306546e-8, -1.4897762e-9, 3.7033524e+2
0.011, -1.3371489e-8, -1.4927318e-9, 3.7066858e+2
0.012, -1.3410072e-8, -1.4888976e-9, 3.7100192e+2
0.013, -1.3396172e-8, -1.4821875e-9, 3.7133527e+2
0.014, -1.3445859e-8, -1.4866608e-9, 3.7166861e+2
0.015, -1.3456643e-8, -1.4849035e-9, 3.7200195e+2
0.016, -1.3470222e-8, -1.4774746e-9, 3.7233530e+2
0.017, -1.3497302e-8, -1.4799508e-9, 3.7266864e+2
0.018, -1.3500657e-8, -1.4802704e-9, 3.7300198e+2
0.019, -1.3507447e-8, -1.4702852e-9, 3.7333533e+2
0.020, -1.3515116e-8, -1.4732409e-9, 3.7366867e+2
0.021, -1.3520867e-8, -1.4747585e-9, 3.7400201e+2
0.022, -1.3522065e-8, -1.4655722e-9, 3.7433536e+2
0.023, -1.3532530e-8, -1.4702852e-9, 3.7466870e+2
0.024, -1.3527498e-8, -1.4548682e-9, 3.7500204e+2
0.025, -1.3550343e-8, -1.4587823e-9, 3.7533539e+2
0.026, -1.3544272e-8, -1.4597409e-9, 3.7566873e+2
0.027, -1.3564802e-8, -1.4563061e-9, 3.7600208e+2
0.028, -1.3561288e-8, -1.4481581e-9, 3.7633542e+2
0.029, -1.3581817e-8, -1.4523918e-9, 3.7666876e+2
0.030, -1.3607059e-8, -1.4483977e-9, 3.7700211e+2
0.031, -1.3612172e-8, -1.4442439e-9, 3.7733545e+2
0.032, -1.3628627e-8, -1.4420872e-9, 3.7766879e+2
0.033, -1.3653310e-8, -1.4420073e-9, 3.7800214e+2
0.034, -1.3652271e-8, -1.4301049e-9, 3.7833548e+2
0.035, -1.3684703e-8, -1.4323416e-9, 3.7866882e+2
0.036, -1.3717536e-8, -1.4342587e-9, 3.7900217e+2
0.037, -1.3732793e-8, -1.4271493e-9, 3.7933551e+2
0.038, -1.3744774e-8, -1.4332203e-9, 3.7966885e+2
0.039, -1.3806922e-8, -1.4180429e-9, 3.8000220e+2
0.040, -1.3838874e-8, -1.4253920e-9, 3.8033554e+2
0.041, -1.3874661e-8, -1.4193210e-9, 3.8066888e+2
0.042, -1.3908611e-8, -1.4213979e-9, 3.8100223e+2
0.043, -1.3960054e-8, -1.4072589e-9, 3.8133557e+2
0.044, -1.3970918e-8, -1.4146878e-9, 3.8166891e+2
0.045, -1.3995042e-8, -1.4139689e-9, 3.8200226e+2
0.046, -1.3998958e-8, -1.4031051e-9, 3.8233560e+2
0.047, -1.4014134e-8, -1.4016672e-9, 3.8266895e+2
0.048, -1.4012297e-8, -1.3985518e-9, 3.8300229e+2
0.049, -1.4046246e-8, -1.3991909e-9, 3.8333563e+2
0.050, -1.4044010e-8, -1.3969542e-9, 3.8366898e+2
0.051, -1.4069811e-8, -1.3955963e-9, 3.8400232e+2
0.052, -1.4099287e-8, -1.3895253e-9, 3.8433566e+2
0.053, -1.4122214e-8, -1.3874484e-9, 3.8466901e+2
0.054, -1.4146896e-8, -1.3876081e-9, 3.8500235e+2
0.055, -1.4194186e-8, -1.3816970e-9, 3.8533569e+2
0.056, -1.4224781e-8, -1.3781821e-9, 3.8566904e+2
0.057, -1.4307218e-8, -1.3765845e-9, 3.8600238e+2
0.058, -1.4334858e-8, -1.3697148e-9, 3.8633572e+2
0.059, -1.4394768e-8, -1.3724307e-9, 3.8666907e+2
0.060, -1.4422327e-8, -1.3715520e-9, 3.8700241e+2
0.061, -1.4463945e-8, -1.3745076e-9, 3.8733575e+2
0.062, -1.4485114e-8, -1.3562946e-9, 3.8766910e+2
0.063, -1.4500131e-8, -1.3675580e-9, 3.8800244e+2
0.064, -1.4500052e-8, -1.3613272e-9, 3.8833578e+2
0.065, -1.4538474e-8, -1.3625254e-9, 3.8866913e+2
0.066, -1.4552774e-8, -1.3562946e-9, 3.8900247e+2
0.067, -1.4591035e-8, -1.3512622e-9, 3.8933582e+2
0.068, -1.4639764e-8, -1.3506231e-9, 3.8966916e+2
0.069, -1.4692804e-8, -1.3505433e-9, 3.9000250e+2
0.070, -1.4754953e-8, -1.3467090e-9, 3.9033585e+2
0.071, -1.4841144e-8, -1.3407977e-9, 3.9066919e+2
0.072, -1.4921504e-8, -1.3418362e-9, 3.9100253e+2
0.073, -1.4969674e-8, -1.3312919e-9, 3.9133588e+2
0.074, -1.4982055e-8, -1.3325699e-9, 3.9166922e+2
0.075, -1.5019998e-8, -1.3418362e-9, 3.9200256e+2
0.076, -1.5044122e-8, -1.3352859e-9, 3.9233591e+2
0.077, -1.5069366e-8, -1.3284162e-9, 3.9266925e+2
0.078, -1.5125522e-8, -1.3249812e-9, 3.9300259e+2
0.079, -1.5172652e-8, -1.3268185e-9, 3.9333594e+2
0.080, -1.5248458e-8, -1.3193895e-9, 3.9366928e+2
0.081, -1.5355340e-8, -1.3167535e-9, 3.9400262e+2
0.082, -1.5402948e-8, -1.3173127e-9, 3.9433597e+2
0.083, -1.5459664e-8, -1.3115612e-9, 3.9466931e+2
0.084, -1.5487304e-8, -1.3051707e-9, 3.9500266e+2
0.085, -1.5507274e-8, -1.2992595e-9, 3.9533600e+2
0.086, -1.5542822e-8, -1.3019754e-9, 3.9566934e+2
0.087, -1.5603371e-8, -1.3028542e-9, 3.9600269e+2
0.088, -1.5664799e-8, -1.2929489e-9, 3.9633603e+2
0.089, -1.5773358e-8, -1.3014163e-9, 3.9666937e+2
0.090, -1.5856914e-8, -1.2936678e-9, 3.9700272e+2
0.091, -1.5944144e-8, -1.2902329e-9, 3.9733606e+2
0.092, -1.5960200e-8, -1.2867980e-9, 3.9766940e+2
0.093, -1.5995747e-8, -1.2865583e-9, 3.9800275e+2
0.094, -1.6043197e-8, -1.2860791e-9, 3.9833609e+2
0.095, -1.6111816e-8, -1.2824045e-9, 3.9866943e+2
0.096, -1.6162060e-8, -1.2780910e-9, 3.9900278e+2
0.097, -1.6294903e-8, -1.2830437e-9, 3.9933612e+2
0.098, -1.6352978e-8, -1.2715407e-9, 3.9966946e+2
0.099, -1.6289391e-8, -1.2711413e-9, 4.0000281e+2
