Dec. 21, 2005   07:37:08
Square Wave Voltammetry
File: d:\ida_biofilms\12_10_18_dphzstar\a_760b\100um_pyo\a_100um_pyo_swvfast_2_2.txt
Data Source:  Experiment
Instrument Model:  CHI760E
Header: 
Note: 

Init E (V) = 0.1
Final E (V) = -0.5
Incr E (V) = 0.001
Amplitude (V) = 0.025
Frequency (Hz) = 300
Quiet Time (sec) = 2
Sensitivity (A/V) = 1e-6
Sens 2 (A/V) = 1e-6

Potential/V, i1/A, i2/A

0.099, 1.5725300e-6, 1.8756804e-6
0.098, 1.5284829e-6, 1.8934740e-6
0.097, 1.5563853e-6, 2.0054961e-6
0.096, 1.5085291e-6, 1.9729432e-6
0.095, 1.5571441e-6, 2.0128509e-6
0.094, 1.5168075e-6, 2.0535501e-6
0.093, 1.5486512e-6, 2.0293746e-6
0.092, 1.5578200e-6, 2.0164789e-6
0.091, 1.5239316e-6, 1.9655058e-6
0.090, 1.5765702e-6, 1.9879828e-6
0.089, 1.5194789e-6, 2.0291932e-6
0.088, 1.5452541e-6, 2.0380489e-6
0.087, 1.5318471e-6, 2.0651269e-6
0.086, 1.5564515e-6, 2.0407203e-6
0.085, 1.5680939e-6, 2.0382631e-6
0.084, 1.5219362e-6, 2.0217065e-6
0.083, 1.5599310e-6, 1.9709312e-6
0.082, 1.5168075e-6, 2.0346188e-6
0.081, 1.5560227e-6, 2.0300508e-6
0.080, 1.5366790e-6, 2.0680454e-6
0.079, 1.5273451e-6, 2.0167097e-6
0.078, 1.5678301e-6, 2.0225971e-6
0.077, 1.5218702e-6, 2.0143680e-6
0.076, 1.5568471e-6, 1.9889721e-6
0.075, 1.5124375e-6, 1.9758786e-6
0.074, 1.5446606e-6, 2.0164130e-6
0.073, 1.5380147e-6, 2.0520495e-6
0.072, 1.5274111e-6, 2.0504335e-6
0.071, 1.5396802e-6, 2.0309744e-6
0.070, 1.5037633e-6, 2.0073924e-6
0.069, 1.5607720e-6, 2.0221516e-6
0.068, 1.5196110e-6, 1.9834147e-6
0.067, 1.5277244e-6, 1.9923857e-6
0.066, 1.5297363e-6, 2.0405059e-6
0.065, 1.4968041e-6, 2.0404896e-6
0.064, 1.5427970e-6, 2.0572111e-6
0.063, 1.4889216e-6, 1.9867130e-6
0.062, 1.5318967e-6, 1.9966569e-6
0.061, 1.5311546e-6, 1.9880156e-6
0.060, 1.5130971e-6, 1.9595527e-6
0.059, 1.5335952e-6, 2.0100310e-6
0.058, 1.4927309e-6, 2.0042592e-6
0.057, 1.5308577e-6, 2.0253510e-6
0.056, 1.5032521e-6, 2.0144505e-6
0.055, 1.5174178e-6, 1.9792922e-6
0.054, 1.5360854e-6, 2.0197276e-6
0.053, 1.4781861e-6, 1.9493611e-6
0.052, 1.5316327e-6, 2.0190021e-6
0.051, 1.4820449e-6, 1.9847012e-6
0.050, 1.5136084e-6, 2.0099978e-6
0.049, 1.5224639e-6, 2.0752191e-6
0.048, 1.4980740e-6, 1.9884114e-6
0.047, 1.5257290e-6, 1.9943316e-6
0.046, 1.4766854e-6, 1.9614986e-6
0.045, 1.5143834e-6, 1.9657202e-6
0.044, 1.4931927e-6, 2.0063535e-6
0.043, 1.4774770e-6, 1.9762083e-6
0.042, 1.5140865e-6, 2.0696123e-6
0.041, 1.4832817e-6, 1.9938204e-6
0.040, 1.5133940e-6, 1.9933093e-6
0.039, 1.4688028e-6, 1.9854101e-6
0.038, 1.5025925e-6, 1.9350473e-6
0.037, 1.5111347e-6, 1.9882136e-6
0.036, 1.4753002e-6, 1.9725308e-6
0.035, 1.4993768e-6, 2.0188700e-6
0.034, 1.4802474e-6, 2.0228938e-6
0.033, 1.5094032e-6, 1.9855256e-6
0.032, 1.4915931e-6, 1.9693480e-6
0.031, 1.4957158e-6, 1.9316171e-6
0.030, 1.5206004e-6, 1.9620593e-6
0.029, 1.4707322e-6, 1.9773956e-6
0.028, 1.5152409e-6, 1.9734873e-6
0.027, 1.4638721e-6, 1.9708323e-6
0.026, 1.4989314e-6, 2.0266534e-6
0.025, 1.4897462e-6, 1.9681113e-6
0.024, 1.4754156e-6, 1.9454528e-6
0.023, 1.5056598e-6, 1.9496911e-6
0.022, 1.4582652e-6, 1.9465249e-6
0.021, 1.4917910e-6, 1.9805452e-6
0.020, 1.4553298e-6, 1.9549022e-6
0.019, 1.4918239e-6, 2.0153905e-6
0.018, 1.4965733e-6, 2.0093548e-6
0.017, 1.4518503e-6, 1.9537808e-6
0.016, 1.4971340e-6, 1.9518843e-6
0.015, 1.4513225e-6, 1.8934904e-6
0.014, 1.4819955e-6, 1.9551330e-6
0.013, 1.4774109e-6, 1.9680620e-6
0.012, 1.4612665e-6, 1.9594700e-6
0.011, 1.5026089e-6, 2.0071120e-6
0.010, 1.4407025e-6, 1.9384609e-6
0.009, 1.4949902e-6, 1.9565348e-6
0.008, 1.4473977e-6, 1.9401430e-6
0.007, 1.4699572e-6, 1.8987839e-6
0.006, 1.4868931e-6, 1.9970691e-6
0.005, 1.4433905e-6, 1.9472504e-6
0.004, 1.4780377e-6, 1.9686061e-6
0.003, 1.4339907e-6, 1.9860204e-6
0.002, 1.4846339e-6, 1.9589424e-6
0.001, 1.4533509e-6, 1.9614326e-6
-0.000, 1.4546207e-6, 1.8702713e-6
-0.001, 1.4722823e-6, 1.9391864e-6
-0.002, 1.4325560e-6, 1.9631475e-6
-0.003, 1.4684400e-6, 1.9520162e-6
-0.004, 1.4297855e-6, 1.9868778e-6
-0.005, 1.4716063e-6, 1.9634608e-6
-0.006, 1.4712600e-6, 1.9733061e-6
-0.007, 1.4449899e-6, 1.9398790e-6
-0.008, 1.4666094e-6, 1.8940182e-6
-0.009, 1.4232387e-6, 1.8969370e-6
-0.010, 1.4793734e-6, 1.9492622e-6
-0.011, 1.4333475e-6, 1.9541931e-6
-0.012, 1.4510092e-6, 1.9477120e-6
-0.013, 1.4570284e-6, 1.9690183e-6
-0.014, 1.4292084e-6, 1.9392028e-6
-0.015, 1.4815666e-6, 1.9082827e-6
-0.016, 1.4259763e-6, 1.8724812e-6
-0.017, 1.4562697e-6, 1.9348329e-6
-0.018, 1.4470349e-6, 1.9611689e-6
-0.019, 1.4393338e-6, 1.9470856e-6
-0.020, 1.4609202e-6, 1.9726792e-6
-0.021, 1.4160157e-6, 1.9463105e-6
-0.022, 1.4718371e-6, 1.9603935e-6
-0.023, 1.4394327e-6, 1.9400111e-6
-0.024, 1.4443635e-6, 1.8860037e-6
-0.025, 1.4573417e-6, 1.9668910e-6
-0.026, 1.4161312e-6, 1.9254167e-6
-0.027, 1.4659004e-6, 1.9788467e-6
-0.028, 1.4165599e-6, 1.9463764e-6
-0.029, 1.4510422e-6, 1.9169074e-6
-0.030, 1.4580507e-6, 1.9591075e-6
-0.031, 1.4369591e-6, 1.8704857e-6
-0.032, 1.4566986e-6, 1.8963929e-6
-0.033, 1.4119095e-6, 1.9290446e-6
-0.034, 1.4514380e-6, 1.9511258e-6
-0.035, 1.4249208e-6, 1.9680288e-6
-0.036, 1.4290929e-6, 1.9282529e-6
-0.037, 1.4584136e-6, 1.9415941e-6
-0.038, 1.4220514e-6, 1.8843875e-6
-0.039, 1.4591722e-6, 1.8790940e-6
-0.040, 1.4173845e-6, 1.9062378e-6
-0.041, 1.4475131e-6, 1.9409511e-6
-0.042, 1.4442480e-6, 1.9644833e-6
-0.043, 1.4295217e-6, 1.9380816e-6
-0.044, 1.4581333e-6, 1.9510599e-6
-0.045, 1.4247889e-6, 1.9241470e-6
-0.046, 1.4605574e-6, 1.9369932e-6
-0.047, 1.4218369e-6, 1.8653076e-6
-0.048, 1.4577704e-6, 1.9228441e-6
-0.049, 1.4497065e-6, 1.9523461e-6
-0.050, 1.4170382e-6, 1.9271974e-6
-0.051, 1.4596010e-6, 1.9256968e-6
-0.052, 1.4085290e-6, 1.8847998e-6
-0.053, 1.4466887e-6, 1.9375702e-6
-0.054, 1.4469360e-6, 1.8708486e-6
-0.055, 1.4167908e-6, 1.8526757e-6
-0.056, 1.4549012e-6, 1.9354761e-6
-0.057, 1.3967874e-6, 1.9031211e-6
-0.058, 1.4494756e-6, 1.9416930e-6
-0.059, 1.4144491e-6, 1.9156046e-6
-0.060, 1.4500692e-6, 1.8994436e-6
-0.061, 1.4487996e-6, 1.9307267e-6
-0.062, 1.4073911e-6, 1.8655385e-6
-0.063, 1.4557586e-6, 1.9125537e-6
-0.064, 1.3925659e-6, 1.9202387e-6
-0.065, 1.4428792e-6, 1.9417589e-6
-0.066, 1.4294887e-6, 1.9799681e-6
-0.067, 1.4283838e-6, 1.9139886e-6
-0.068, 1.4644822e-6, 1.9229926e-6
-0.069, 1.4140699e-6, 1.8929957e-6
-0.070, 1.4478264e-6, 1.8724152e-6
-0.071, 1.4034333e-6, 1.9262741e-6
-0.072, 1.4296043e-6, 1.8969699e-6
-0.073, 1.4454683e-6, 1.9722011e-6
-0.074, 1.4145151e-6, 1.9144338e-6
-0.075, 1.4322922e-6, 1.8944139e-6
-0.076, 1.4060223e-6, 1.8967062e-6
-0.077, 1.4544063e-6, 1.8680615e-6
-0.078, 1.4056925e-6, 1.8689191e-6
-0.079, 1.4180441e-6, 1.8706837e-6
-0.080, 1.4330178e-6, 1.9264060e-6
-0.081, 1.3974636e-6, 1.9331178e-6
-0.082, 1.4377340e-6, 1.9248230e-6
-0.083, 1.4007617e-6, 1.8968051e-6
-0.084, 1.4410158e-6, 1.8920392e-6
-0.085, 1.4331167e-6, 1.8804460e-6
-0.086, 1.4280211e-6, 1.8958651e-6
-0.087, 1.4319459e-6, 1.9100144e-6
-0.088, 1.4037795e-6, 1.9155882e-6
-0.089, 1.4390205e-6, 1.9556112e-6
-0.090, 1.4136245e-6, 1.9356905e-6
-0.091, 1.4285323e-6, 1.9000704e-6
-0.092, 1.4452869e-6, 1.9006310e-6
-0.093, 1.3885420e-6, 1.8549515e-6
-0.094, 1.4409499e-6, 1.9124384e-6
-0.095, 1.3934728e-6, 1.8808585e-6
-0.096, 1.4278232e-6, 1.9393842e-6
-0.097, 1.4359696e-6, 1.9452220e-6
-0.098, 1.4150592e-6, 1.8878176e-6
-0.099, 1.4443469e-6, 1.9085135e-6
-0.100, 1.3915928e-6, 1.8502351e-6
-0.101, 1.4383609e-6, 1.8684245e-6
-0.102, 1.4160653e-6, 1.9314193e-6
-0.103, 1.4008607e-6, 1.9096681e-6
-0.104, 1.4424505e-6, 1.9760598e-6
-0.105, 1.4085455e-6, 1.8756639e-6
-0.106, 1.4511082e-6, 1.8994436e-6
-0.107, 1.3918402e-6, 1.8693479e-6
-0.108, 1.4320779e-6, 1.8666105e-6
-0.109, 1.4353924e-6, 1.9256145e-6
-0.110, 1.4164115e-6, 1.8827880e-6
-0.111, 1.4522955e-6, 1.9503341e-6
-0.112, 1.4053957e-6, 1.9399615e-6
-0.113, 1.4568634e-6, 1.9058421e-6
-0.114, 1.4202868e-6, 1.8923527e-6
-0.115, 1.4386412e-6, 1.8549019e-6
-0.116, 1.4567315e-6, 1.9068644e-6
-0.117, 1.4133442e-6, 1.9041436e-6
-0.118, 1.4446438e-6, 1.9001033e-6
-0.119, 1.4058244e-6, 1.9276595e-6
-0.120, 1.4335619e-6, 1.9330189e-6
-0.121, 1.4436214e-6, 1.8945457e-6
-0.122, 1.4228594e-6, 1.8764720e-6
-0.123, 1.4485356e-6, 1.8743117e-6
-0.124, 1.4064181e-6, 1.8998890e-6
-0.125, 1.4411642e-6, 1.9115810e-6
-0.126, 1.4113489e-6, 1.9063368e-6
-0.127, 1.4456663e-6, 1.9471515e-6
-0.128, 1.4469690e-6, 1.9171712e-6
-0.129, 1.4187201e-6, 1.8892358e-6
-0.130, 1.4500033e-6, 1.8660992e-6
-0.131, 1.4104749e-6, 1.8547701e-6
-0.132, 1.4439511e-6, 1.9329859e-6
-0.133, 1.4256628e-6, 1.9151100e-6
-0.134, 1.4201549e-6, 1.9066666e-6
-0.135, 1.4547196e-6, 1.9378672e-6
-0.136, 1.4051977e-6, 1.8715082e-6
-0.137, 1.4615139e-6, 1.9118943e-6
-0.138, 1.4125526e-6, 1.8472997e-6
-0.139, 1.4393997e-6, 1.8769667e-6
-0.140, 1.4448747e-6, 1.9371582e-6
-0.141, 1.4167084e-6, 1.9295887e-6
-0.142, 1.4582652e-6, 1.9346185e-6
-0.143, 1.4031859e-6, 1.9050010e-6
-0.144, 1.4634434e-6, 1.9028571e-6
-0.145, 1.4220514e-6, 1.9200570e-6
-0.146, 1.4289445e-6, 1.8329526e-6
-0.147, 1.4532850e-6, 1.9250867e-6
-0.148, 1.4091721e-6, 1.9072273e-6
-0.149, 1.4502672e-6, 1.9350143e-6
-0.150, 1.4105078e-6, 1.9200572e-6
-0.151, 1.4558411e-6, 1.8877022e-6
-0.152, 1.4609037e-6, 1.9377517e-6
-0.153, 1.4268996e-6, 1.8476790e-6
-0.154, 1.4543074e-6, 1.9059246e-6
-0.155, 1.4074240e-6, 1.9145327e-6
-0.156, 1.4497559e-6, 1.9477122e-6
-0.157, 1.4290929e-6, 1.9535169e-6
-0.158, 1.4344359e-6, 1.8991632e-6
-0.159, 1.4572427e-6, 1.9243944e-6
-0.160, 1.4081496e-6, 1.8684409e-6
-0.161, 1.4591558e-6, 1.8529230e-6
-0.162, 1.4140533e-6, 1.9031704e-6
-0.163, 1.4337434e-6, 1.8993117e-6
-0.164, 1.4596503e-6, 1.9618942e-6
-0.165, 1.4328364e-6, 1.9132135e-6
-0.166, 1.4597495e-6, 1.8985695e-6
-0.167, 1.4248712e-6, 1.8985036e-6
-0.168, 1.4652078e-6, 1.8784178e-6
-0.169, 1.4397294e-6, 1.9272966e-6
-0.170, 1.4397956e-6, 1.9097997e-6
-0.171, 1.4687203e-6, 1.9635763e-6
-0.172, 1.4307420e-6, 1.9550837e-6
-0.173, 1.4725957e-6, 1.9404233e-6
-0.174, 1.4281200e-6, 1.9079034e-6
-0.175, 1.4725957e-6, 1.8822766e-6
-0.176, 1.4726782e-6, 1.9186059e-6
-0.177, 1.4380804e-6, 1.9010101e-6
-0.178, 1.4631300e-6, 1.9364654e-6
-0.179, 1.4254649e-6, 1.9485037e-6
-0.180, 1.4752837e-6, 1.9558588e-6
-0.181, 1.4459465e-6, 1.9001362e-6
-0.182, 1.4444954e-6, 1.9012741e-6
-0.183, 1.4757620e-6, 1.9031540e-6
-0.184, 1.4525099e-6, 1.8986850e-6
-0.185, 1.4678793e-6, 1.9343217e-6
-0.186, 1.4274440e-6, 1.9359377e-6
-0.187, 1.4625693e-6, 1.9713766e-6
-0.188, 1.4722659e-6, 1.9374879e-6
-0.189, 1.4501682e-6, 1.8974317e-6
-0.190, 1.4797362e-6, 1.8983222e-6
-0.191, 1.4404716e-6, 1.8802155e-6
-0.192, 1.4733048e-6, 1.9504826e-6
-0.193, 1.4407685e-6, 1.9062709e-6
-0.194, 1.4740633e-6, 1.9572110e-6
-0.195, 1.4834632e-6, 1.9665117e-6
-0.196, 1.4432419e-6, 1.9160498e-6
-0.197, 1.4939349e-6, 1.9237182e-6
-0.198, 1.4486345e-6, 1.8827220e-6
-0.199, 1.4754980e-6, 1.9426495e-6
-0.200, 1.4757123e-6, 1.9472836e-6
-0.201, 1.4600956e-6, 1.9281213e-6
-0.202, 1.4909334e-6, 1.9729102e-6
-0.203, 1.4363818e-6, 1.9140216e-6
-0.204, 1.4968701e-6, 1.9294075e-6
-0.205, 1.4661641e-6, 1.8747239e-6
-0.206, 1.4819789e-6, 1.8643511e-6
-0.207, 1.4935883e-6, 1.9577055e-6
-0.208, 1.4468865e-6, 1.9432432e-6
-0.209, 1.4902573e-6, 1.9674021e-6
-0.210, 1.4474142e-6, 1.9410004e-6
-0.211, 1.5008279e-6, 1.9477784e-6
-0.212, 1.4798352e-6, 1.9614326e-6
-0.213, 1.4637731e-6, 1.8694963e-6
-0.214, 1.5102112e-6, 1.9501363e-6
-0.215, 1.4616128e-6, 1.9216402e-6
-0.216, 1.5072594e-6, 1.9736026e-6
-0.217, 1.4554289e-6, 1.9642359e-6
-0.218, 1.4904881e-6, 1.9327881e-6
-0.219, 1.5044723e-6, 1.9818481e-6
-0.220, 1.4806762e-6, 1.8867127e-6
-0.221, 1.4985357e-6, 1.9200572e-6
-0.222, 1.4598154e-6, 1.9410170e-6
-0.223, 1.5165438e-6, 1.9683421e-6
-0.224, 1.4763226e-6, 2.0073758e-6
-0.225, 1.4814677e-6, 1.9188203e-6
-0.226, 1.5120582e-6, 1.9638237e-6
-0.227, 1.4679122e-6, 1.9327385e-6
-0.228, 1.5111511e-6, 1.9205681e-6
-0.229, 1.4727935e-6, 1.9555619e-6
-0.230, 1.5151585e-6, 1.9594536e-6
-0.231, 1.5083148e-6, 2.0220198e-6
-0.232, 1.5006631e-6, 1.9696945e-6
-0.233, 1.5179785e-6, 1.9482234e-6
-0.234, 1.4958971e-6, 1.9779729e-6
-0.235, 1.5227278e-6, 1.9293743e-6
-0.236, 1.4977277e-6, 1.9780553e-6
-0.237, 1.5118768e-6, 1.9672370e-6
-0.238, 1.5226287e-6, 2.0274617e-6
-0.239, 1.4825232e-6, 2.0244768e-6
-0.240, 1.5456170e-6, 2.0000045e-6
-0.241, 1.5087930e-6, 1.9569800e-6
-0.242, 1.5348979e-6, 1.9330519e-6
-0.243, 1.5404058e-6, 1.9730751e-6
-0.244, 1.5105575e-6, 1.9739987e-6
-0.245, 1.5419724e-6, 1.9792592e-6
-0.246, 1.5025266e-6, 2.0120099e-6
-0.247, 1.5486512e-6, 2.0093712e-6
-0.248, 1.5283347e-6, 1.9783522e-6
-0.249, 1.5185885e-6, 1.9915612e-6
-0.250, 1.5553794e-6, 1.9727122e-6
-0.251, 1.5154883e-6, 1.9815679e-6
-0.252, 1.5609369e-6, 2.0130651e-6
-0.253, 1.5070946e-6, 2.0203047e-6
-0.254, 1.5493933e-6, 2.0365317e-6
-0.255, 1.5526914e-6, 2.0201069e-6
-0.256, 1.5416921e-6, 1.9859215e-6
-0.257, 1.5676817e-6, 1.9859874e-6
-0.258, 1.5220680e-6, 1.9509773e-6
-0.259, 1.5704521e-6, 2.0236193e-6
-0.260, 1.5269164e-6, 1.9835466e-6
-0.261, 1.5692978e-6, 2.0292593e-6
-0.262, 1.5753662e-6, 2.0567163e-6
-0.263, 1.5414613e-6, 1.9902584e-6
-0.264, 1.5794066e-6, 1.9813863e-6
-0.265, 1.5232224e-6, 1.9467557e-6
-0.266, 1.5641197e-6, 2.0298528e-6
-0.267, 1.5572100e-6, 2.0133950e-6
-0.268, 1.5438195e-6, 2.0058424e-6
-0.269, 1.5820616e-6, 2.0597672e-6
-0.270, 1.5265372e-6, 2.0086952e-6
-0.271, 1.5769331e-6, 2.0207005e-6
-0.272, 1.5390866e-6, 1.9442325e-6
-0.273, 1.5754653e-6, 2.0000705e-6
-0.274, 1.5733544e-6, 2.0347343e-6
-0.275, 1.5258445e-6, 2.0259940e-6
-0.276, 1.5798354e-6, 2.0483556e-6
-0.277, 1.5300661e-6, 2.0336788e-6
-0.278, 1.5619593e-6, 2.0221846e-6
-0.279, 1.5566493e-6, 2.0231741e-6
-0.280, 1.5384765e-6, 1.9467886e-6
-0.281, 1.5831995e-6, 2.0275606e-6
-0.282, 1.5195285e-6, 1.9890877e-6
-0.283, 1.5634930e-6, 2.0510436e-6
-0.284, 1.5280212e-6, 2.0270329e-6
-0.285, 1.5460787e-6, 1.9971844e-6
-0.286, 1.5592218e-6, 2.0349814e-6
-0.287, 1.5205014e-6, 1.9524946e-6
-0.288, 1.5620252e-6, 1.9961458e-6
-0.289, 1.5044559e-6, 1.9955191e-6
-0.290, 1.5582984e-6, 2.0278903e-6
-0.291, 1.5226124e-6, 2.0527420e-6
-0.292, 1.5203860e-6, 1.9797703e-6
-0.293, 1.5509436e-6, 2.0098000e-6
-0.294, 1.5070450e-6, 1.9530883e-6
-0.295, 1.5459138e-6, 1.9485201e-6
-0.296, 1.5034994e-6, 1.9788140e-6
-0.297, 1.5263556e-6, 1.9976465e-6
-0.298, 1.5317976e-6, 2.0474486e-6
-0.299, 1.5107719e-6, 1.9814029e-6
-0.300, 1.5229915e-6, 1.9758290e-6
-0.301, 1.4976122e-6, 1.9534675e-6
-0.302, 1.5337437e-6, 1.9445954e-6
-0.303, 1.5062865e-6, 2.0050670e-6
-0.304, 1.5112172e-6, 1.9609706e-6
-0.305, 1.5205345e-6, 2.0301991e-6
-0.306, 1.4751188e-6, 2.0217558e-6
-0.307, 1.5125363e-6, 1.9735862e-6
-0.308, 1.4863160e-6, 1.9539129e-6
-0.309, 1.5078035e-6, 1.9079198e-6
-0.310, 1.5170054e-6, 1.9852619e-6
-0.311, 1.4953860e-6, 1.9461950e-6
-0.312, 1.5017515e-6, 1.9571121e-6
-0.313, 1.4710290e-6, 2.0097013e-6
-0.314, 1.5054125e-6, 1.9894176e-6
-0.315, 1.4770648e-6, 1.9667261e-6
-0.316, 1.4869756e-6, 1.9665445e-6
-0.317, 1.5060060e-6, 1.9358883e-6
-0.318, 1.4764380e-6, 1.9508618e-6
-0.319, 1.4971339e-6, 1.9672043e-6
-0.320, 1.4568800e-6, 1.9697272e-6
-0.321, 1.4904388e-6, 1.9886093e-6
-0.322, 1.4897626e-6, 1.9855256e-6
-0.323, 1.4715567e-6, 1.9295558e-6
-0.324, 1.5085126e-6, 1.9224979e-6
-0.325, 1.4512401e-6, 1.9345030e-6
-0.326, 1.5044724e-6, 1.9712279e-6
-0.327, 1.4592547e-6, 1.9724155e-6
-0.328, 1.4670383e-6, 1.9677650e-6
-0.329, 1.4959796e-6, 1.9965578e-6
-0.330, 1.4685885e-6, 1.9202055e-6
-0.331, 1.4912798e-6, 1.8951396e-6
-0.332, 1.4397625e-6, 1.8792095e-6
-0.333, 1.4738985e-6, 1.9629827e-6
-0.334, 1.4650759e-6, 1.9448098e-6
-0.335, 1.4604420e-6, 1.9416930e-6
-0.336, 1.4862995e-6, 1.9882466e-6
-0.337, 1.4396305e-6, 1.9434246e-6
-0.338, 1.4887237e-6, 1.9525110e-6
-0.339, 1.4559894e-6, 1.8750537e-6
-0.340, 1.4853924e-6, 1.9393183e-6
-0.341, 1.4721834e-6, 1.9883621e-6
-0.342, 1.4399604e-6, 1.9548361e-6
-0.343, 1.4815007e-6, 1.9689194e-6
-0.344, 1.4440171e-6, 1.9264226e-6
-0.345, 1.4738820e-6, 1.9535994e-6
-0.346, 1.4591722e-6, 1.9066665e-6
-0.347, 1.4531365e-6, 1.8897965e-6
-0.348, 1.4832158e-6, 1.9460961e-6
-0.349, 1.4272625e-6, 1.9166105e-6
-0.350, 1.4750033e-6, 1.9835136e-6
-0.351, 1.4322427e-6, 1.9365148e-6
-0.352, 1.4546042e-6, 1.9218216e-6
-0.353, 1.4828530e-6, 1.9511917e-6
-0.354, 1.4291259e-6, 1.8883288e-6
-0.355, 1.4782521e-6, 1.9359047e-6
-0.356, 1.4216556e-6, 1.9285828e-6
-0.357, 1.4814348e-6, 1.9501199e-6
-0.358, 1.4365468e-6, 1.9972340e-6
-0.359, 1.4527902e-6, 1.8912808e-6
-0.360, 1.4788952e-6, 1.9406707e-6
-0.361, 1.4279221e-6, 1.8724811e-6
-0.362, 1.4803629e-6, 1.9172207e-6
-0.363, 1.4246568e-6, 1.9414622e-6
-0.364, 1.4695944e-6, 1.9467227e-6
-0.365, 1.4770976e-6, 2.0084149e-6
-0.366, 1.4566986e-6, 1.9426989e-6
-0.367, 1.4770812e-6, 1.9132299e-6
-0.368, 1.4310554e-6, 1.8830353e-6
-0.369, 1.4677969e-6, 1.8954529e-6
-0.370, 1.4376847e-6, 1.9522638e-6
-0.371, 1.4349142e-6, 1.8945623e-6
-0.372, 1.4686050e-6, 1.9866470e-6
-0.373, 1.4197922e-6, 1.9474649e-6
-0.374, 1.4798186e-6, 1.9192325e-6
-0.375, 1.4361840e-6, 1.8953704e-6
-0.376, 1.4638390e-6, 1.8689356e-6
-0.377, 1.4708971e-6, 1.9766865e-6
-0.378, 1.4414445e-6, 1.9096183e-6
-0.379, 1.4618107e-6, 1.9609543e-6
-0.380, 1.4313026e-6, 1.9604925e-6
-0.381, 1.4651089e-6, 1.9366798e-6
-0.382, 1.4622560e-6, 1.9359377e-6
-0.383, 1.4581333e-6, 1.8839094e-6
-0.384, 1.4717712e-6, 1.9433917e-6
-0.385, 1.4284828e-6, 1.9413303e-6
-0.386, 1.4693965e-6, 1.9628674e-6
-0.387, 1.4187697e-6, 1.9850308e-6
-0.388, 1.4677639e-6, 1.9538797e-6
-0.389, 1.4630640e-6, 1.9882632e-6
-0.390, 1.4463093e-6, 1.8766203e-6
-0.391, 1.4702375e-6, 1.9138072e-6
-0.392, 1.4312532e-6, 1.9537808e-6
-0.393, 1.4802969e-6, 1.9448592e-6
-0.394, 1.4454683e-6, 1.9727781e-6
-0.395, 1.4435554e-6, 1.9407694e-6
-0.396, 1.4827705e-6, 1.9700574e-6
-0.397, 1.4544229e-6, 1.9112181e-6
-0.398, 1.4689512e-6, 1.9001031e-6
-0.399, 1.4314016e-6, 1.9455024e-6
-0.400, 1.4650429e-6, 1.9562874e-6
-0.401, 1.4705342e-6, 2.0032037e-6
-0.402, 1.4395976e-6, 1.9347340e-6
-0.403, 1.4850133e-6, 1.9629001e-6
-0.404, 1.4354583e-6, 1.9437709e-6
-0.405, 1.4818964e-6, 1.9149452e-6
-0.406, 1.4584631e-6, 1.9414622e-6
-0.407, 1.4648615e-6, 1.9438203e-6
-0.408, 1.4776253e-6, 2.0064690e-6
-0.409, 1.4402572e-6, 1.9680947e-6
-0.410, 1.4870581e-6, 1.9292590e-6
-0.411, 1.4393172e-6, 1.9291272e-6
-0.412, 1.4750033e-6, 1.9266370e-6
-0.413, 1.4790436e-6, 1.9324582e-6
-0.414, 1.4588259e-6, 1.9281047e-6
-0.415, 1.4904882e-6, 1.9949912e-6
-0.416, 1.4349637e-6, 1.9901101e-6
-0.417, 1.4807257e-6, 1.9802815e-6
-0.418, 1.4539776e-6, 1.9437214e-6
-0.419, 1.4806926e-6, 1.8966402e-6
-0.420, 1.4944790e-6, 1.9347340e-6
-0.421, 1.4458972e-6, 1.9362842e-6
-0.422, 1.4874539e-6, 1.9421052e-6
-0.423, 1.4438027e-6, 1.9690513e-6
-0.424, 1.4837764e-6, 1.9756146e-6
-0.425, 1.4731563e-6, 1.9630156e-6
-0.426, 1.4698912e-6, 1.9102781e-6
-0.427, 1.4946934e-6, 1.9152087e-6
-0.428, 1.4570614e-6, 1.9576728e-6
-0.429, 1.4880476e-6, 1.9693648e-6
-0.430, 1.4405211e-6, 1.9948097e-6
-0.431, 1.4811214e-6, 1.9701067e-6
-0.432, 1.4976946e-6, 1.9846846e-6
-0.433, 1.4667578e-6, 1.9412314e-6
-0.434, 1.4874538e-6, 1.8952551e-6
-0.435, 1.4482551e-6, 1.9551494e-6
-0.436, 1.4955674e-6, 1.9609049e-6
-0.437, 1.4567810e-6, 1.9952222e-6
-0.438, 1.4715403e-6, 1.9501692e-6
-0.439, 1.4874373e-6, 1.9797374e-6
-0.440, 1.4483708e-6, 1.9641866e-6
-0.441, 1.4982554e-6, 1.9160334e-6
-0.442, 1.4482223e-6, 1.9684246e-6
-0.443, 1.4844856e-6, 1.9731081e-6
-0.444, 1.4846011e-6, 2.0384282e-6
-0.445, 1.4709960e-6, 2.0050013e-6
-0.446, 1.4768009e-6, 1.9551990e-6
-0.447, 1.4569296e-6, 1.9695131e-6
-0.448, 1.4985521e-6, 1.9172701e-6
-0.449, 1.4673847e-6, 1.9546712e-6
-0.450, 1.4771472e-6, 1.9723825e-6
-0.451, 1.4975958e-6, 2.0198925e-6
-0.452, 1.4452208e-6, 2.0162975e-6
-0.453, 1.5019989e-6, 1.9974814e-6
-0.454, 1.4681926e-6, 1.9712115e-6
-0.455, 1.4946438e-6, 1.9046711e-6
-0.456, 1.4965403e-6, 1.9658521e-6
-0.457, 1.4760423e-6, 1.9603606e-6
-0.458, 1.4927969e-6, 2.0050013e-6
-0.459, 1.4675165e-6, 2.0263569e-6
-0.460, 1.5055773e-6, 2.0100638e-6
-0.461, 1.4890866e-6, 1.9907368e-6
-0.462, 1.4775429e-6, 1.9889558e-6
-0.463, 1.5083972e-6, 1.9690513e-6
-0.464, 1.4732553e-6, 1.9713600e-6
-0.465, 1.5008279e-6, 1.9846186e-6
-0.466, 1.4565171e-6, 2.0217724e-6
-0.467, 1.4975793e-6, 2.0064031e-6
-0.468, 1.4972495e-6, 2.0119273e-6
-0.469, 1.4873385e-6, 1.9563040e-6
-0.470, 1.5188523e-6, 1.9731410e-6
-0.471, 1.4741128e-6, 1.9953211e-6
-0.472, 1.5123881e-6, 1.9940348e-6
-0.473, 1.4901088e-6, 2.0093548e-6
-0.474, 1.5043734e-6, 2.0149450e-6
-0.475, 1.5128003e-6, 2.0150937e-6
-0.476, 1.4848813e-6, 1.9731078e-6
-0.477, 1.5116129e-6, 1.9353936e-6
-0.478, 1.4774770e-6, 1.9810072e-6
-0.479, 1.5088589e-6, 2.0048858e-6
-0.480, 1.5021637e-6, 2.0118448e-6
-0.481, 1.4879981e-6, 1.9913798e-6
-0.482, 1.5234203e-6, 2.0073758e-6
-0.483, 1.4809070e-6, 1.9849813e-6
-0.484, 1.5187865e-6, 1.9481740e-6
-0.485, 1.4894327e-6, 1.9890877e-6
-0.486, 1.5221340e-6, 1.9973331e-6
-0.487, 1.5209466e-6, 2.0420891e-6
-0.488, 1.4886082e-6, 2.0409843e-6
-0.489, 1.5296209e-6, 1.9690842e-6
-0.490, 1.4852442e-6, 1.9924353e-6
-0.491, 1.5189182e-6, 1.9754168e-6
-0.492, 1.5068306e-6, 1.9875044e-6
-0.493, 1.4959465e-6, 2.0014063e-6
-0.494, 1.5387733e-6, 2.0333323e-6
-0.495, 1.4940338e-6, 2.0398297e-6
-0.496, 1.5401915e-6, 2.0334808e-6
-0.497, 1.4908510e-6, 2.0102948e-6
-0.498, 1.5135919e-6, 1.9705190e-6
-0.499, 1.5303465e-6, 1.9986524e-6
-0.500, 1.4992120e-6, 2.0111854e-6
