Dec. 21, 2005   02:38:47
Square Wave Voltammetry
File: d:\ida_biofilms\12_10_18_dphzstar\a_760b\50um_pyo\a_50um_pyo_swvfast_3_3.txt
Data Source:  Experiment
Instrument Model:  CHI760E
Header: 
Note: 

Init E (V) = 0.1
Final E (V) = -0.5
Incr E (V) = 0.001
Amplitude (V) = 0.025
Frequency (Hz) = 300
Quiet Time (sec) = 2
Sensitivity (A/V) = 1e-6
Sens 2 (A/V) = 1e-6

Potential/V, i1/A, i2/A

0.099, 1.5524441e-6, 1.8768511e-6
0.098, 1.4377672e-6, 1.9174515e-6
0.097, 1.5064677e-6, 1.9719041e-6
0.096, 1.4415270e-6, 1.9577881e-6
0.095, 1.5048847e-6, 1.9457334e-6
0.094, 1.5166096e-6, 1.9812544e-6
0.093, 1.4833478e-6, 1.9068975e-6
0.092, 1.5135754e-6, 1.9695790e-6
0.091, 1.4660322e-6, 1.9669239e-6
0.090, 1.5402079e-6, 2.0494933e-6
0.089, 1.5025595e-6, 2.0222010e-6
0.088, 1.4927969e-6, 1.9458653e-6
0.087, 1.5159335e-6, 1.9828212e-6
0.086, 1.4807916e-6, 1.9590743e-6
0.085, 1.5142843e-6, 1.9967229e-6
0.084, 1.4698583e-6, 1.9951233e-6
0.083, 1.5069791e-6, 2.0301495e-6
0.082, 1.5210456e-6, 2.0026432e-6
0.081, 1.4815832e-6, 1.9707500e-6
0.080, 1.5152574e-6, 1.9063039e-6
0.079, 1.4773450e-6, 1.9774945e-6
0.078, 1.5073748e-6, 1.9941999e-6
0.077, 1.4942646e-6, 2.0263074e-6
0.076, 1.4915436e-6, 1.9810732e-6
0.075, 1.5248879e-6, 1.9802651e-6
0.074, 1.4792910e-6, 1.9769504e-6
0.073, 1.5058412e-6, 1.9399945e-6
0.072, 1.4657189e-6, 1.9752520e-6
0.071, 1.4781201e-6, 1.9743118e-6
0.070, 1.5060720e-6, 2.0231246e-6
0.069, 1.4639545e-6, 1.9889887e-6
0.068, 1.4809070e-6, 1.9638071e-6
0.067, 1.4514214e-6, 1.9728277e-6
0.066, 1.4970185e-6, 1.9188865e-6
0.065, 1.4809895e-6, 1.9843549e-6
0.064, 1.4582157e-6, 1.9333156e-6
0.063, 1.5149935e-6, 2.0424022e-6
0.062, 1.4750199e-6, 1.9957333e-6
0.061, 1.4984369e-6, 1.9630652e-6
0.060, 1.4708806e-6, 1.9554464e-6
0.059, 1.4780047e-6, 1.9293909e-6
0.058, 1.4885093e-6, 1.9989657e-6
0.057, 1.4570778e-6, 1.9543745e-6
0.056, 1.4662138e-6, 1.9758950e-6
0.055, 1.4516525e-6, 1.9698100e-6
0.054, 1.4911313e-6, 1.9642525e-6
0.053, 1.4599307e-6, 1.9260101e-6
0.052, 1.4635093e-6, 1.9172371e-6
0.051, 1.4782685e-6, 1.9931113e-6
0.050, 1.4410817e-6, 1.9637741e-6
0.049, 1.4812863e-6, 1.9952718e-6
0.048, 1.4463753e-6, 1.9622241e-6
0.047, 1.4651748e-6, 1.9840909e-6
0.046, 1.4635752e-6, 1.9422043e-6
0.045, 1.4536972e-6, 1.8971350e-6
0.044, 1.4626353e-6, 1.9658519e-6
0.043, 1.4366623e-6, 1.9704530e-6
0.042, 1.4758609e-6, 1.9902254e-6
0.041, 1.4412631e-6, 1.9549022e-6
0.040, 1.4534003e-6, 1.9438039e-6
0.039, 1.4750364e-6, 1.9296713e-6
0.038, 1.4431266e-6, 1.9194636e-6
0.037, 1.4747229e-6, 1.9477452e-6
0.036, 1.4178462e-6, 1.9589093e-6
0.035, 1.4870086e-6, 1.9871252e-6
0.034, 1.4628001e-6, 1.9858553e-6
0.033, 1.4438688e-6, 1.9026759e-6
0.032, 1.4620909e-6, 1.9300835e-6
0.031, 1.4316820e-6, 1.9003176e-6
0.030, 1.4671703e-6, 1.9487841e-6
0.029, 1.3998877e-6, 1.9506474e-6
0.028, 1.4499537e-6, 1.9600639e-6
0.027, 1.4663622e-6, 1.9749550e-6
0.026, 1.4349142e-6, 1.9123395e-6
0.025, 1.4585125e-6, 1.8807430e-6
0.024, 1.4216391e-6, 1.8941830e-6
0.023, 1.4853595e-6, 1.9406873e-6
0.022, 1.4400757e-6, 1.9502681e-6
0.021, 1.4403067e-6, 1.9499055e-6
0.020, 1.4602276e-6, 1.9655058e-6
0.019, 1.4225295e-6, 1.9487677e-6
0.018, 1.4443305e-6, 1.8860201e-6
0.017, 1.4095679e-6, 1.9008949e-6
0.016, 1.4474308e-6, 1.9298691e-6
0.015, 1.4488324e-6, 1.9694967e-6
0.014, 1.4167249e-6, 1.9492788e-6
0.013, 1.4471998e-6, 1.9023296e-6
0.012, 1.4108211e-6, 1.9265051e-6
0.011, 1.4439677e-6, 1.8855583e-6
0.010, 1.4414775e-6, 1.9156705e-6
0.009, 1.4138884e-6, 1.9085796e-6
0.008, 1.4615139e-6, 1.9519666e-6
0.007, 1.4154056e-6, 1.9676991e-6
0.006, 1.4438522e-6, 1.9089423e-6
0.005, 1.4111674e-6, 1.9123888e-6
0.004, 1.4370745e-6, 1.8629164e-6
0.003, 1.4435554e-6, 1.9008288e-6
0.002, 1.4027571e-6, 1.9110366e-6
0.001, 1.4214907e-6, 1.9275110e-6
-0.000, 1.3927802e-6, 1.9579365e-6
-0.001, 1.4393337e-6, 1.9317160e-6
-0.002, 1.4178463e-6, 1.9111192e-6
-0.003, 1.4170876e-6, 1.8403405e-6
-0.004, 1.4573087e-6, 1.9070624e-6
-0.005, 1.4159333e-6, 1.9107893e-6
-0.006, 1.4400428e-6, 1.9163467e-6
-0.007, 1.3934398e-6, 1.9469867e-6
-0.008, 1.4201385e-6, 1.9325573e-6
-0.009, 1.4394492e-6, 1.9307431e-6
-0.010, 1.4004484e-6, 1.8568809e-6
-0.011, 1.4061377e-6, 1.8527251e-6
-0.012, 1.3890203e-6, 1.9160334e-6
-0.013, 1.4323581e-6, 1.9417921e-6
-0.014, 1.4124042e-6, 1.9238500e-6
-0.015, 1.4135751e-6, 1.8973163e-6
-0.016, 1.4368436e-6, 1.9061058e-6
-0.017, 1.4022130e-6, 1.8931606e-6
-0.018, 1.4218206e-6, 1.8847009e-6
-0.019, 1.4004484e-6, 1.8947768e-6
-0.020, 1.4091886e-6, 1.9190677e-6
-0.021, 1.4243436e-6, 1.9686063e-6
-0.022, 1.4086443e-6, 1.9042259e-6
-0.023, 1.4294062e-6, 1.8990149e-6
-0.024, 1.3960453e-6, 1.8629660e-6
-0.025, 1.4217710e-6, 1.8633782e-6
-0.026, 1.3992117e-6, 1.8907034e-6
-0.027, 1.3900262e-6, 1.8818973e-6
-0.028, 1.4317314e-6, 1.9690842e-6
-0.029, 1.3922524e-6, 1.9054626e-6
-0.030, 1.4337598e-6, 1.8855089e-6
-0.031, 1.3868764e-6, 1.8754330e-6
-0.032, 1.4336115e-6, 1.8607727e-6
-0.033, 1.4191985e-6, 1.9310896e-6
-0.034, 1.3844854e-6, 1.8629165e-6
-0.035, 1.4223647e-6, 1.9435731e-6
-0.036, 1.3806265e-6, 1.9254003e-6
-0.037, 1.4407519e-6, 1.9056606e-6
-0.038, 1.3646139e-6, 1.8881639e-6
-0.039, 1.4072756e-6, 1.8345854e-6
-0.040, 1.4269326e-6, 1.9237841e-6
-0.041, 1.3852109e-6, 1.8566665e-6
-0.042, 1.4192974e-6, 1.9071448e-6
-0.043, 1.3714412e-6, 1.8807925e-6
-0.044, 1.4480738e-6, 1.8979924e-6
-0.045, 1.4124703e-6, 1.8983552e-6
-0.046, 1.3852274e-6, 1.8269170e-6
-0.047, 1.4161642e-6, 1.9348163e-6
-0.048, 1.3802636e-6, 1.9079694e-6
-0.049, 1.4132288e-6, 1.9399120e-6
-0.050, 1.3701549e-6, 1.8741797e-6
-0.051, 1.4118106e-6, 1.8840742e-6
-0.052, 1.4246075e-6, 1.9145657e-6
-0.053, 1.3830836e-6, 1.8220028e-6
-0.054, 1.4167578e-6, 1.8756639e-6
-0.055, 1.3778231e-6, 1.8769007e-6
-0.056, 1.4099636e-6, 1.9203210e-6
-0.057, 1.4003000e-6, 1.9025108e-6
-0.058, 1.3870084e-6, 1.8547535e-6
-0.059, 1.4340732e-6, 1.8872404e-6
-0.060, 1.3841554e-6, 1.8368446e-6
-0.061, 1.4217051e-6, 1.8723492e-6
-0.062, 1.3732385e-6, 1.8755155e-6
-0.063, 1.4107387e-6, 1.8876196e-6
-0.064, 1.4106893e-6, 1.9320626e-6
-0.065, 1.3665928e-6, 1.8668908e-6
-0.066, 1.4075561e-6, 1.8686553e-6
-0.067, 1.3648448e-6, 1.8286321e-6
-0.068, 1.4189181e-6, 1.8955518e-6
-0.069, 1.3822261e-6, 1.8829198e-6
-0.070, 1.3875691e-6, 1.8754165e-6
-0.071, 1.4293403e-6, 1.9350637e-6
-0.072, 1.3931924e-6, 1.8676494e-6
-0.073, 1.4153396e-6, 1.8769172e-6
-0.074, 1.3689345e-6, 1.8188861e-6
-0.075, 1.4016027e-6, 1.8829362e-6
-0.076, 1.4113159e-6, 1.8961620e-6
-0.077, 1.3718368e-6, 1.8815510e-6
-0.078, 1.3877175e-6, 1.8910498e-6
-0.079, 1.3672853e-6, 1.8640873e-6
-0.080, 1.4080176e-6, 1.8833157e-6
-0.081, 1.3771798e-6, 1.8018181e-6
-0.082, 1.3971007e-6, 1.8272303e-6
-0.083, 1.4130803e-6, 1.8934738e-6
-0.084, 1.3872886e-6, 1.9118281e-6
-0.085, 1.4112663e-6, 1.9228935e-6
-0.086, 1.3764543e-6, 1.8530550e-6
-0.087, 1.3978758e-6, 1.8827220e-6
-0.088, 1.4020645e-6, 1.8538136e-6
-0.089, 1.3874866e-6, 1.8507133e-6
-0.090, 1.3987993e-6, 1.8833321e-6
-0.091, 1.3690499e-6, 1.9011421e-6
-0.092, 1.4077704e-6, 1.9276265e-6
-0.093, 1.3729913e-6, 1.8703208e-6
-0.094, 1.3789114e-6, 1.8537310e-6
-0.095, 1.4094524e-6, 1.8449909e-6
-0.096, 1.3735024e-6, 1.8137739e-6
-0.097, 1.4079022e-6, 1.8739488e-6
-0.098, 1.3649272e-6, 1.8801495e-6
-0.099, 1.4186378e-6, 1.9136423e-6
-0.100, 1.3996898e-6, 1.8912806e-6
-0.101, 1.3843203e-6, 1.8342555e-6
-0.102, 1.4111015e-6, 1.8652911e-6
-0.103, 1.3697261e-6, 1.8170060e-6
-0.104, 1.4235685e-6, 1.8985530e-6
-0.105, 1.3404219e-6, 1.8855583e-6
-0.106, 1.3857386e-6, 1.8877187e-6
-0.107, 1.4101945e-6, 1.9116796e-6
-0.108, 1.3864147e-6, 1.8426164e-6
-0.109, 1.4143997e-6, 1.8126195e-6
-0.110, 1.3673184e-6, 1.8259934e-6
-0.111, 1.4291589e-6, 1.8898295e-6
-0.112, 1.3901747e-6, 1.8802978e-6
-0.113, 1.3915434e-6, 1.8798031e-6
-0.114, 1.4192809e-6, 1.8924020e-6
-0.115, 1.3826218e-6, 1.9016039e-6
-0.116, 1.4179782e-6, 1.8632959e-6
-0.117, 1.3545546e-6, 1.8171545e-6
-0.118, 1.4127836e-6, 1.8675669e-6
-0.119, 1.4046041e-6, 1.8925009e-6
-0.120, 1.3765368e-6, 1.8789950e-6
-0.121, 1.4100131e-6, 1.8572107e-6
-0.122, 1.3757947e-6, 1.8558089e-6
-0.123, 1.4047031e-6, 1.8855087e-6
-0.124, 1.4044722e-6, 1.8367951e-6
-0.125, 1.3841720e-6, 1.8510597e-6
-0.126, 1.4129979e-6, 1.8632134e-6
-0.127, 1.3765039e-6, 1.8985861e-6
-0.128, 1.4110850e-6, 1.8761421e-6
-0.129, 1.3771798e-6, 1.8605253e-6
-0.130, 1.3944293e-6, 1.8391368e-6
-0.131, 1.4226615e-6, 1.8457001e-6
-0.132, 1.3729417e-6, 1.8742456e-6
-0.133, 1.3987499e-6, 1.8709970e-6
-0.134, 1.3729912e-6, 1.8949415e-6
-0.135, 1.4076713e-6, 1.8955683e-6
-0.136, 1.3944953e-6, 1.8632958e-6
-0.137, 1.3961608e-6, 1.8372403e-6
-0.138, 1.4339578e-6, 1.8270985e-6
-0.139, 1.4059729e-6, 1.8769831e-6
-0.140, 1.4110025e-6, 1.8746910e-6
-0.141, 1.3710453e-6, 1.8823591e-6
-0.142, 1.4043733e-6, 1.8926989e-6
-0.143, 1.4146799e-6, 1.8824745e-6
-0.144, 1.3834958e-6, 1.8394335e-6
-0.145, 1.3906858e-6, 1.8207495e-6
-0.146, 1.3859366e-6, 1.8740807e-6
-0.147, 1.4148449e-6, 1.8806936e-6
-0.148, 1.3887894e-6, 1.8573755e-6
-0.149, 1.3964906e-6, 1.8613994e-6
-0.150, 1.4233872e-6, 1.8890544e-6
-0.151, 1.4071767e-6, 1.8911653e-6
-0.152, 1.4135421e-6, 1.8224976e-6
-0.153, 1.3870579e-6, 1.8723492e-6
-0.154, 1.4037465e-6, 1.8972669e-6
-0.155, 1.4186048e-6, 1.9149779e-6
-0.156, 1.3991128e-6, 1.8714422e-6
-0.157, 1.4076548e-6, 1.8677318e-6
-0.158, 1.3782519e-6, 1.8814521e-6
-0.159, 1.4197096e-6, 1.8372402e-6
-0.160, 1.4086609e-6, 1.8749713e-6
-0.161, 1.3958804e-6, 1.8873063e-6
-0.162, 1.4301154e-6, 1.9135432e-6
-0.163, 1.3859695e-6, 1.8997239e-6
-0.164, 1.4248219e-6, 1.8717556e-6
-0.165, 1.3843865e-6, 1.8792259e-6
-0.166, 1.4298350e-6, 1.8292587e-6
-0.167, 1.4228924e-6, 1.9076560e-6
-0.168, 1.3920711e-6, 1.8547536e-6
-0.169, 1.4324735e-6, 1.9154891e-6
-0.170, 1.3930605e-6, 1.9001362e-6
-0.171, 1.4352111e-6, 1.8770327e-6
-0.172, 1.3696601e-6, 1.8813532e-6
-0.173, 1.4146965e-6, 1.8123392e-6
-0.174, 1.4365468e-6, 1.9295558e-6
-0.175, 1.4012071e-6, 1.8587280e-6
-0.176, 1.4322591e-6, 1.8990972e-6
-0.177, 1.3859366e-6, 1.8975636e-6
-0.178, 1.4523780e-6, 1.8779726e-6
-0.179, 1.4271141e-6, 1.8869766e-6
-0.180, 1.4113982e-6, 1.7955350e-6
-0.181, 1.4499044e-6, 1.9055617e-6
-0.182, 1.4017182e-6, 1.9049846e-6
-0.183, 1.4309398e-6, 1.9097504e-6
-0.184, 1.3814346e-6, 1.8798196e-6
-0.185, 1.4305276e-6, 1.8644337e-6
-0.186, 1.4445943e-6, 1.9172867e-6
-0.187, 1.3987499e-6, 1.8132462e-6
-0.188, 1.4404716e-6, 1.8776923e-6
-0.189, 1.3998052e-6, 1.8775108e-6
-0.190, 1.4480408e-6, 1.9170393e-6
-0.191, 1.4333806e-6, 1.9088268e-6
-0.192, 1.4099636e-6, 1.8570622e-6
-0.193, 1.4496570e-6, 1.8881145e-6
-0.194, 1.4112499e-6, 1.8497899e-6
-0.195, 1.4434564e-6, 1.9018019e-6
-0.196, 1.3986510e-6, 1.8988663e-6
-0.197, 1.4247888e-6, 1.8981408e-6
-0.198, 1.4433081e-6, 1.9335300e-6
-0.199, 1.4088092e-6, 1.8673854e-6
-0.200, 1.4514050e-6, 1.8490642e-6
-0.201, 1.4032024e-6, 1.8474645e-6
-0.202, 1.4506463e-6, 1.9077715e-6
-0.203, 1.4251846e-6, 1.9014061e-6
-0.204, 1.4227110e-6, 1.8845690e-6
-0.205, 1.4708148e-6, 1.9202716e-6
-0.206, 1.4413126e-6, 1.8968710e-6
-0.207, 1.4528397e-6, 1.9004494e-6
-0.208, 1.4103099e-6, 1.8566830e-6
-0.209, 1.4447262e-6, 1.9002023e-6
-0.210, 1.4526254e-6, 1.9251363e-6
-0.211, 1.4238489e-6, 1.9040940e-6
-0.212, 1.4317975e-6, 1.8907035e-6
-0.213, 1.4245250e-6, 1.8875537e-6
-0.214, 1.4673185e-6, 1.8903077e-6
-0.215, 1.4295381e-6, 1.8260760e-6
-0.216, 1.4373878e-6, 1.8780386e-6
-0.217, 1.4632949e-6, 1.9259774e-6
-0.218, 1.4458971e-6, 1.9598824e-6
-0.219, 1.4715897e-6, 1.9293248e-6
-0.220, 1.4430607e-6, 1.8996579e-6
-0.221, 1.4582652e-6, 1.8880814e-6
-0.222, 1.4673517e-6, 1.8922206e-6
-0.223, 1.4379980e-6, 1.8969864e-6
-0.224, 1.4650923e-6, 1.9263730e-6
-0.225, 1.4404551e-6, 1.9644337e-6
-0.226, 1.4736841e-6, 1.9119436e-6
-0.227, 1.4534663e-6, 1.8815016e-6
-0.228, 1.4491787e-6, 1.8807100e-6
-0.229, 1.4819459e-6, 1.9235697e-6
-0.230, 1.4456498e-6, 1.9188863e-6
-0.231, 1.4811048e-6, 1.9328045e-6
-0.232, 1.4463259e-6, 1.9556442e-6
-0.233, 1.4966558e-6, 1.9108718e-6
-0.234, 1.4889874e-6, 1.9543909e-6
-0.235, 1.4601451e-6, 1.8456176e-6
-0.236, 1.4931597e-6, 1.9273791e-6
-0.237, 1.4509433e-6, 1.9291269e-6
-0.238, 1.5012731e-6, 1.9676991e-6
-0.239, 1.4369920e-6, 1.9742129e-6
-0.240, 1.4745086e-6, 1.9053967e-6
-0.241, 1.4959301e-6, 1.9562708e-6
-0.242, 1.4610356e-6, 1.8626527e-6
-0.243, 1.4950397e-6, 1.9443316e-6
-0.244, 1.4474966e-6, 1.9226461e-6
-0.245, 1.5219362e-6, 1.9738668e-6
-0.246, 1.4929948e-6, 1.9672539e-6
-0.247, 1.4788951e-6, 1.8992788e-6
-0.248, 1.5086940e-6, 1.9668910e-6
-0.249, 1.4732059e-6, 1.9267691e-6
-0.250, 1.5169064e-6, 1.9598824e-6
-0.251, 1.4550000e-6, 1.9266699e-6
-0.252, 1.5053793e-6, 1.9518843e-6
-0.253, 1.5082157e-6, 1.9949748e-6
-0.254, 1.4749703e-6, 1.9128506e-6
-0.255, 1.5152243e-6, 1.9230420e-6
-0.256, 1.4810390e-6, 1.8845029e-6
-0.257, 1.5165766e-6, 1.9846350e-6
-0.258, 1.4989973e-6, 1.9549352e-6
-0.259, 1.4848813e-6, 1.9778081e-6
-0.260, 1.5329849e-6, 1.9634444e-6
-0.261, 1.4856728e-6, 1.9586785e-6
-0.262, 1.5191656e-6, 1.9597342e-6
-0.263, 1.4853761e-6, 1.9059410e-6
-0.264, 1.5008775e-6, 1.9634774e-6
-0.265, 1.5190174e-6, 1.9766701e-6
-0.266, 1.4754486e-6, 1.9531542e-6
-0.267, 1.5079024e-6, 1.9563533e-6
-0.268, 1.4787137e-6, 1.9502681e-6
-0.269, 1.5122727e-6, 1.9638071e-6
-0.270, 1.5003498e-6, 1.9245922e-6
-0.271, 1.4885259e-6, 1.9417259e-6
-0.272, 1.5285160e-6, 1.9633289e-6
-0.273, 1.5033511e-6, 2.0066009e-6
-0.274, 1.5253993e-6, 1.9710303e-6
-0.275, 1.4862006e-6, 1.9494767e-6
-0.276, 1.5025430e-6, 1.9141864e-6
-0.277, 1.5129158e-6, 1.9346680e-6
-0.278, 1.4733048e-6, 1.9501858e-6
-0.279, 1.4801980e-6, 1.9566010e-6
-0.280, 1.4719690e-6, 1.9997406e-6
-0.281, 1.5110522e-6, 1.9825736e-6
-0.282, 1.4845680e-6, 1.9313861e-6
-0.283, 1.4889711e-6, 1.8696118e-6
-0.284, 1.5175167e-6, 1.9473000e-6
-0.285, 1.4842876e-6, 1.9618942e-6
-0.286, 1.5022461e-6, 1.9544404e-6
-0.287, 1.4785819e-6, 1.9766701e-6
-0.288, 1.4927639e-6, 1.9555287e-6
-0.289, 1.4976615e-6, 1.9656873e-6
-0.290, 1.4754816e-6, 1.8691005e-6
-0.291, 1.4810059e-6, 1.9465579e-6
-0.292, 1.4667085e-6, 1.9480915e-6
-0.293, 1.4992117e-6, 1.9650111e-6
-0.294, 1.4675495e-6, 1.9661654e-6
-0.295, 1.4599802e-6, 1.9204199e-6
-0.296, 1.4991128e-6, 1.9467061e-6
-0.297, 1.4622065e-6, 1.8743610e-6
-0.298, 1.4856564e-6, 1.9148790e-6
-0.299, 1.4427638e-6, 1.9243282e-6
-0.300, 1.4804289e-6, 1.9477452e-6
-0.301, 1.4773451e-6, 1.9706840e-6
-0.302, 1.4514875e-6, 1.8917260e-6
-0.303, 1.4783675e-6, 1.9123395e-6
-0.304, 1.4349966e-6, 1.8764058e-6
-0.305, 1.4939512e-6, 1.9293909e-6
-0.306, 1.4212433e-6, 1.9136255e-6
-0.307, 1.4388061e-6, 1.9148624e-6
-0.308, 1.4733048e-6, 1.9497736e-6
-0.309, 1.4412302e-6, 1.8640708e-6
-0.310, 1.4775759e-6, 1.9019667e-6
-0.311, 1.4291589e-6, 1.8378505e-6
-0.312, 1.4974308e-6, 1.9194470e-6
-0.313, 1.4484697e-6, 1.9212116e-6
-0.314, 1.4446108e-6, 1.8891204e-6
-0.315, 1.4723319e-6, 1.9473493e-6
-0.316, 1.4284993e-6, 1.9239819e-6
-0.317, 1.4603761e-6, 1.8822932e-6
-0.318, 1.4051977e-6, 1.8261585e-6
-0.319, 1.4547526e-6, 1.9047371e-6
-0.320, 1.4476616e-6, 1.9271647e-6
-0.321, 1.4202210e-6, 1.9109048e-6
-0.322, 1.4564512e-6, 1.8870591e-6
-0.323, 1.4237498e-6, 1.8818314e-6
-0.324, 1.4586115e-6, 1.8701560e-6
-0.325, 1.4520481e-6, 1.8488170e-6
-0.326, 1.4122888e-6, 1.8790279e-6
-0.327, 1.4561873e-6, 1.9083486e-6
-0.328, 1.4058410e-6, 1.9450572e-6
-0.329, 1.4470349e-6, 1.8820624e-6
-0.330, 1.4155376e-6, 1.8782200e-6
-0.331, 1.4413456e-6, 1.8243775e-6
-0.332, 1.4537961e-6, 1.8759607e-6
-0.333, 1.3981562e-6, 1.8795063e-6
-0.334, 1.4396635e-6, 1.8752351e-6
-0.335, 1.3972987e-6, 1.9155223e-6
-0.336, 1.4402902e-6, 1.8962279e-6
-0.337, 1.4291259e-6, 1.9026922e-6
-0.338, 1.4157189e-6, 1.8015708e-6
-0.339, 1.4672032e-6, 1.8843874e-6
-0.340, 1.4164939e-6, 1.8728439e-6
-0.341, 1.4343370e-6, 1.9256640e-6
-0.342, 1.3966885e-6, 1.9091567e-6
-0.343, 1.4320118e-6, 1.8722503e-6
-0.344, 1.4454517e-6, 1.9024120e-6
-0.345, 1.4012400e-6, 1.8073756e-6
-0.346, 1.4081496e-6, 1.8769666e-6
-0.347, 1.3839410e-6, 1.8750536e-6
-0.348, 1.4406859e-6, 1.9385432e-6
-0.349, 1.4002670e-6, 1.8743941e-6
-0.350, 1.4138719e-6, 1.8405385e-6
-0.351, 1.4394986e-6, 1.8997405e-6
-0.352, 1.4170877e-6, 1.8362673e-6
-0.353, 1.4407519e-6, 1.8812707e-6
-0.354, 1.4025593e-6, 1.8676493e-6
-0.355, 1.4208640e-6, 1.9327549e-6
-0.356, 1.4301648e-6, 1.9218876e-6
-0.357, 1.4088093e-6, 1.8568974e-6
-0.358, 1.4119261e-6, 1.8421711e-6
-0.359, 1.3998878e-6, 1.8522964e-6
-0.360, 1.4317314e-6, 1.8973658e-6
-0.361, 1.4045216e-6, 1.8590082e-6
-0.362, 1.4022130e-6, 1.9075076e-6
-0.363, 1.4424339e-6, 1.9027253e-6
-0.364, 1.3967544e-6, 1.8728109e-6
-0.365, 1.4284499e-6, 1.8254823e-6
-0.366, 1.3908012e-6, 1.8669568e-6
-0.367, 1.4351120e-6, 1.8824580e-6
-0.368, 1.4277737e-6, 1.9363006e-6
-0.369, 1.4010421e-6, 1.8774779e-6
-0.370, 1.4272790e-6, 1.8802153e-6
-0.371, 1.3995414e-6, 1.8725470e-6
-0.372, 1.4447756e-6, 1.8330021e-6
-0.373, 1.3797360e-6, 1.8814521e-6
-0.374, 1.3894820e-6, 1.8625371e-6
-0.375, 1.4334465e-6, 1.9227120e-6
-0.376, 1.3989313e-6, 1.8720689e-6
-0.377, 1.4266193e-6, 1.8578703e-6
-0.378, 1.3891688e-6, 1.8391697e-6
-0.379, 1.4618768e-6, 1.8396150e-6
-0.380, 1.4209136e-6, 1.9106574e-6
-0.381, 1.3995084e-6, 1.8575734e-6
-0.382, 1.4381135e-6, 1.9552153e-6
-0.383, 1.3967544e-6, 1.9139061e-6
-0.384, 1.4356563e-6, 1.8832826e-6
-0.385, 1.3748053e-6, 1.8210299e-6
-0.386, 1.4255309e-6, 1.8081012e-6
-0.387, 1.4314016e-6, 1.9109707e-6
-0.388, 1.4068304e-6, 1.8718215e-6
-0.389, 1.4395482e-6, 1.8945623e-6
-0.390, 1.3930605e-6, 1.8567655e-6
-0.391, 1.4374539e-6, 1.9003342e-6
-0.392, 1.4404881e-6, 1.8432759e-6
-0.393, 1.4113323e-6, 1.8757298e-6
-0.394, 1.4353924e-6, 1.9002682e-6
-0.395, 1.3952704e-6, 1.9406707e-6
-0.396, 1.4357222e-6, 1.9134277e-6
-0.397, 1.4176319e-6, 1.8720525e-6
-0.398, 1.4338752e-6, 1.8553801e-6
-0.399, 1.4398283e-6, 1.8598821e-6
-0.400, 1.3952538e-6, 1.8853275e-6
-0.401, 1.4263060e-6, 1.8799844e-6
-0.402, 1.4019656e-6, 1.9332333e-6
-0.403, 1.4431431e-6, 1.9146976e-6
-0.404, 1.4197922e-6, 1.8950076e-6
-0.405, 1.4154220e-6, 1.8081835e-6
-0.406, 1.4638226e-6, 1.8835301e-6
-0.407, 1.4218371e-6, 1.8870591e-6
-0.408, 1.4399934e-6, 1.9205847e-6
-0.409, 1.3977769e-6, 1.9068480e-6
-0.410, 1.4376352e-6, 1.8831342e-6
-0.411, 1.4560389e-6, 1.8966896e-6
-0.412, 1.4006298e-6, 1.8355582e-6
-0.413, 1.4156035e-6, 1.9004331e-6
-0.414, 1.3910156e-6, 1.8877516e-6
-0.415, 1.4605905e-6, 1.9364159e-6
-0.416, 1.4173020e-6, 1.8942490e-6
-0.417, 1.4233541e-6, 1.8571941e-6
-0.418, 1.4538126e-6, 1.8749878e-6
-0.419, 1.4351285e-6, 1.8514224e-6
-0.420, 1.4499209e-6, 1.9006804e-6
-0.421, 1.4103430e-6, 1.9105751e-6
-0.422, 1.4463917e-6, 1.9512083e-6
-0.423, 1.4526419e-6, 1.9269833e-6
-0.424, 1.4285652e-6, 1.8799351e-6
-0.425, 1.4381299e-6, 1.8589752e-6
-0.426, 1.4215236e-6, 1.9054958e-6
-0.427, 1.4374209e-6, 1.9091401e-6
-0.428, 1.4383443e-6, 1.9238830e-6
-0.429, 1.4338257e-6, 1.9118115e-6
-0.430, 1.4758938e-6, 1.9123891e-6
-0.431, 1.4267183e-6, 1.8510432e-6
-0.432, 1.4608048e-6, 1.8613829e-6
-0.433, 1.4226450e-6, 1.9039785e-6
-0.434, 1.4549340e-6, 1.9483884e-6
-0.435, 1.4583806e-6, 1.9762083e-6
-0.436, 1.4272130e-6, 1.8772801e-6
-0.437, 1.4613161e-6, 1.9167094e-6
-0.438, 1.4174833e-6, 1.8587773e-6
-0.439, 1.4673351e-6, 1.9299682e-6
-0.440, 1.3955837e-6, 1.9195788e-6
-0.441, 1.4321934e-6, 1.9214754e-6
-0.442, 1.4739644e-6, 1.9618283e-6
-0.443, 1.4426814e-6, 1.8896152e-6
-0.444, 1.4756465e-6, 1.8754496e-6
-0.445, 1.4141523e-6, 1.8592061e-6
-0.446, 1.4852276e-6, 1.9317656e-6
-0.447, 1.4665766e-6, 1.9629003e-6
-0.448, 1.4362170e-6, 1.9139557e-6
-0.449, 1.4718207e-6, 1.9549516e-6
-0.450, 1.4413291e-6, 1.9407860e-6
-0.451, 1.4714414e-6, 1.8753835e-6
-0.452, 1.4231891e-6, 1.9195295e-6
-0.453, 1.4619261e-6, 1.9194799e-6
-0.454, 1.4731070e-6, 1.9810566e-6
-0.455, 1.4398119e-6, 1.9072438e-6
-0.456, 1.4794064e-6, 1.8899614e-6
-0.457, 1.4486179e-6, 1.8972173e-6
-0.458, 1.4854256e-6, 1.9273955e-6
-0.459, 1.4673351e-6, 1.9398790e-6
-0.460, 1.4403397e-6, 1.9386257e-6
-0.461, 1.4842052e-6, 1.9868448e-6
-0.462, 1.4493271e-6, 1.9401100e-6
-0.463, 1.4716227e-6, 1.9429629e-6
-0.464, 1.4441655e-6, 1.8637081e-6
-0.465, 1.4684730e-6, 1.9426661e-6
-0.466, 1.4788292e-6, 1.9558588e-6
-0.467, 1.4382124e-6, 1.9365643e-6
-0.468, 1.4784498e-6, 1.9143513e-6
-0.469, 1.4415269e-6, 1.9286324e-6
-0.470, 1.4839413e-6, 1.9055287e-6
-0.471, 1.4731069e-6, 1.9010927e-6
-0.472, 1.4572427e-6, 1.9030222e-6
-0.473, 1.5033016e-6, 1.9645659e-6
-0.474, 1.4786478e-6, 1.9910335e-6
-0.475, 1.4841062e-6, 1.9333488e-6
-0.476, 1.4405870e-6, 1.9583981e-6
-0.477, 1.4748714e-6, 1.8956508e-6
-0.478, 1.4963259e-6, 1.9857400e-6
-0.479, 1.4506134e-6, 1.9385761e-6
-0.480, 1.4652737e-6, 2.0001034e-6
-0.481, 1.4345513e-6, 1.9602783e-6
-0.482, 1.5026585e-6, 1.9521483e-6
-0.483, 1.4637072e-6, 1.9056606e-6
-0.484, 1.4782355e-6, 1.8693315e-6
-0.485, 1.4971999e-6, 1.9827387e-6
-0.486, 1.4750528e-6, 1.9698923e-6
-0.487, 1.4959137e-6, 2.0122407e-6
-0.488, 1.4687862e-6, 1.9337608e-6
-0.489, 1.4868438e-6, 1.9823594e-6
-0.490, 1.4877343e-6, 1.9309409e-6
-0.491, 1.4719690e-6, 1.9333156e-6
-0.492, 1.4676650e-6, 1.9418248e-6
-0.493, 1.4728760e-6, 1.9870263e-6
-0.494, 1.4856068e-6, 1.9942493e-6
-0.495, 1.4927639e-6, 1.9369272e-6
-0.496, 1.4841557e-6, 1.9205190e-6
-0.497, 1.5122890e-6, 1.9380154e-6
-0.498, 1.4582816e-6, 1.9689360e-6
-0.499, 1.4993768e-6, 1.9773627e-6
-0.500, 1.4613324e-6, 2.0125872e-6
