Dec. 21, 2005   07:03:33
Square Wave Voltammetry
File: d:\ida_biofilms\12_10_18_dphzstar\a_760b\75um_pyo\a_75um_pyo_swvfast_final.txt
Data Source:  Experiment
Instrument Model:  CHI760E
Header: 
Note: 

Init E (V) = 0.1
Final E (V) = -0.5
Incr E (V) = 0.001
Amplitude (V) = 0.025
Frequency (Hz) = 300
Quiet Time (sec) = 2
Sensitivity (A/V) = 1e-6
Sens 2 (A/V) = 1e-6

Potential/V, i1/A, i2/A

0.099, 1.4640204e-6, 1.9190345e-6
0.098, 1.5047692e-6, 2.0037151e-6
0.097, 1.5600134e-6, 2.0391042e-6
0.096, 1.5253167e-6, 2.0074913e-6
0.095, 1.5692648e-6, 2.0261755e-6
0.094, 1.5737338e-6, 2.0097013e-6
0.093, 1.5608543e-6, 2.0382631e-6
0.092, 1.5802476e-6, 2.0458820e-6
0.091, 1.5405047e-6, 2.0699256e-6
0.090, 1.5745088e-6, 2.0871748e-6
0.089, 1.5426485e-6, 2.0518187e-6
0.088, 1.5664943e-6, 2.0381808e-6
0.087, 1.5714580e-6, 2.0269010e-6
0.086, 1.5243603e-6, 2.0560733e-6
0.085, 1.5691824e-6, 2.0696289e-6
0.084, 1.5389052e-6, 2.0617131e-6
0.083, 1.5499870e-6, 2.0659513e-6
0.082, 1.5627838e-6, 2.0765549e-6
0.081, 1.5524441e-6, 2.0168911e-6
0.080, 1.5609698e-6, 2.0152586e-6
0.079, 1.5294395e-6, 2.0596021e-6
0.078, 1.5684732e-6, 2.0670727e-6
0.077, 1.5420550e-6, 2.0860700e-6
0.076, 1.5435226e-6, 2.0609546e-6
0.075, 1.5721178e-6, 2.0620430e-6
0.074, 1.5371736e-6, 2.0409018e-6
0.073, 1.5735359e-6, 2.0126201e-6
0.072, 1.5245253e-6, 2.0563702e-6
0.071, 1.5493604e-6, 2.0409511e-6
0.070, 1.5554949e-6, 2.1207172e-6
0.069, 1.5365636e-6, 2.0173363e-6
0.068, 1.5689184e-6, 2.0576731e-6
0.067, 1.5161809e-6, 2.0019997e-6
0.066, 1.5697924e-6, 2.0030225e-6
0.065, 1.5284666e-6, 2.0411326e-6
0.064, 1.5336941e-6, 2.0464261e-6
0.063, 1.5560227e-6, 2.1187714e-6
0.062, 1.5284830e-6, 2.0378179e-6
0.061, 1.5615470e-6, 2.0228936e-6
0.060, 1.4958312e-6, 1.9781874e-6
0.059, 1.5373221e-6, 1.9981740e-6
0.058, 1.5387898e-6, 2.0566340e-6
0.057, 1.5124210e-6, 2.0267855e-6
0.056, 1.5446606e-6, 2.0926664e-6
0.055, 1.5053794e-6, 2.0258951e-6
0.054, 1.5589416e-6, 2.0463108e-6
0.053, 1.5126684e-6, 1.9707497e-6
0.052, 1.5543405e-6, 2.0216075e-6
0.051, 1.5404553e-6, 2.0501366e-6
0.050, 1.5024934e-6, 2.0299849e-6
0.049, 1.5512733e-6, 2.0472671e-6
0.048, 1.4980080e-6, 2.0157368e-6
0.047, 1.5369593e-6, 2.0349155e-6
0.046, 1.5290602e-6, 1.9800177e-6
0.045, 1.5104256e-6, 2.0157697e-6
0.044, 1.5434237e-6, 2.0199584e-6
0.043, 1.4828530e-6, 2.0209973e-6
0.042, 1.5367449e-6, 2.0306113e-6
0.041, 1.4938029e-6, 2.0052817e-6
0.040, 1.5285325e-6, 2.0041437e-6
0.039, 1.5287469e-6, 1.9811887e-6
0.038, 1.4793239e-6, 2.0136920e-6
0.037, 1.5219032e-6, 1.9971847e-6
0.036, 1.4786808e-6, 2.0506643e-6
0.035, 1.5208973e-6, 2.0366965e-6
0.034, 1.4994428e-6, 2.0102452e-6
0.033, 1.4964248e-6, 1.9563863e-6
0.032, 1.5270648e-6, 1.9647800e-6
0.031, 1.4826385e-6, 2.0096516e-6
0.030, 1.5215239e-6, 2.0207335e-6
0.029, 1.4784005e-6, 2.0533357e-6
0.028, 1.5212436e-6, 2.0261259e-6
0.027, 1.5272628e-6, 2.0396815e-6
0.026, 1.5010094e-6, 1.9414622e-6
0.025, 1.5285655e-6, 1.9717227e-6
0.024, 1.4659499e-6, 1.9997408e-6
0.023, 1.5285161e-6, 2.0262250e-6
0.022, 1.4869921e-6, 2.0384116e-6
0.021, 1.4887896e-6, 1.9488666e-6
0.020, 1.5155872e-6, 1.9991141e-6
0.019, 1.4580507e-6, 1.9421218e-6
0.018, 1.5123715e-6, 1.9985534e-6
0.017, 1.4629156e-6, 1.9779068e-6
0.016, 1.4949078e-6, 2.0095031e-6
0.015, 1.4955344e-6, 2.0373068e-6
0.014, 1.4801319e-6, 1.9566501e-6
0.013, 1.5079684e-6, 1.9877684e-6
0.012, 1.4650924e-6, 1.9427155e-6
0.011, 1.5114315e-6, 1.9955189e-6
0.010, 1.4717547e-6, 2.0022474e-6
0.009, 1.4832158e-6, 2.0073758e-6
0.008, 1.4964909e-6, 2.0127191e-6
0.007, 1.4650429e-6, 1.9795066e-6
0.006, 1.5016690e-6, 1.9614326e-6
0.005, 1.4601121e-6, 1.9304462e-6
0.004, 1.4953035e-6, 2.0018515e-6
0.003, 1.4803959e-6, 2.0035664e-6
0.002, 1.4774769e-6, 2.0072935e-6
0.001, 1.4916754e-6, 2.0082994e-6
-0.000, 1.4560060e-6, 1.9752683e-6
-0.001, 1.4984203e-6, 1.9414456e-6
-0.002, 1.4579518e-6, 1.9348163e-6
-0.003, 1.4696438e-6, 1.9779068e-6
-0.004, 1.5001848e-6, 2.0138898e-6
-0.005, 1.4546042e-6, 1.9952552e-6
-0.006, 1.4995417e-6, 1.9601628e-6
-0.007, 1.4412961e-6, 1.9668582e-6
-0.008, 1.4738490e-6, 1.9311390e-6
-0.009, 1.4852606e-6, 1.9793085e-6
-0.010, 1.4574900e-6, 1.9539127e-6
-0.011, 1.4901419e-6, 2.0250541e-6
-0.012, 1.4362829e-6, 2.0087941e-6
-0.013, 1.4822263e-6, 1.9726463e-6
-0.014, 1.4568470e-6, 1.9592558e-6
-0.015, 1.4815666e-6, 1.9188203e-6
-0.016, 1.4958972e-6, 1.9943811e-6
-0.017, 1.4459795e-6, 1.9400275e-6
-0.018, 1.4836280e-6, 1.9788467e-6
-0.019, 1.4395646e-6, 1.9655718e-6
-0.020, 1.4674176e-6, 1.9926497e-6
-0.021, 1.4791095e-6, 1.9647473e-6
-0.022, 1.4485356e-6, 1.8919238e-6
-0.023, 1.4944130e-6, 1.9705190e-6
-0.024, 1.4241127e-6, 1.9511588e-6
-0.025, 1.4853101e-6, 2.0049188e-6
-0.026, 1.4516853e-6, 1.9691997e-6
-0.027, 1.4793075e-6, 1.9576726e-6
-0.028, 1.4761412e-6, 1.9836621e-6
-0.029, 1.4334796e-6, 1.9080353e-6
-0.030, 1.4904223e-6, 1.9446450e-6
-0.031, 1.4266523e-6, 1.9517690e-6
-0.032, 1.4775759e-6, 1.9864162e-6
-0.033, 1.4456828e-6, 1.9856079e-6
-0.034, 1.4565337e-6, 1.9395986e-6
-0.035, 1.4962434e-6, 1.9675672e-6
-0.036, 1.4358377e-6, 1.8938367e-6
-0.037, 1.4657026e-6, 1.9781705e-6
-0.038, 1.4227769e-6, 1.9448428e-6
-0.039, 1.4695779e-6, 1.9895328e-6
-0.040, 1.4708971e-6, 2.0116966e-6
-0.041, 1.4406860e-6, 1.9393842e-6
-0.042, 1.4649111e-6, 1.9061720e-6
-0.043, 1.4205177e-6, 1.9084309e-6
-0.044, 1.4781531e-6, 1.9645825e-6
-0.045, 1.4181596e-6, 1.9787478e-6
-0.046, 1.4465897e-6, 1.9582992e-6
-0.047, 1.4709960e-6, 1.9844208e-6
-0.048, 1.4263389e-6, 1.9474815e-6
-0.049, 1.4679617e-6, 1.8988335e-6
-0.050, 1.4187367e-6, 1.9236686e-6
-0.051, 1.4560554e-6, 1.9393349e-6
-0.052, 1.4561379e-6, 1.9871416e-6
-0.053, 1.4404552e-6, 1.9704366e-6
-0.054, 1.4594361e-6, 1.9402253e-6
-0.055, 1.4211444e-6, 1.9582499e-6
-0.056, 1.4575726e-6, 1.9100801e-6
-0.057, 1.4316820e-6, 1.9670561e-6
-0.058, 1.4399109e-6, 1.9385104e-6
-0.059, 1.4624044e-6, 1.9872900e-6
-0.060, 1.4094194e-6, 1.9698757e-6
-0.061, 1.4630805e-6, 1.9359213e-6
-0.062, 1.4267841e-6, 1.9322604e-6
-0.063, 1.4511576e-6, 1.8792753e-6
-0.064, 1.4564677e-6, 1.9645988e-6
-0.065, 1.4297856e-6, 1.9229924e-6
-0.066, 1.4508278e-6, 1.9754498e-6
-0.067, 1.4064675e-6, 1.9418580e-6
-0.068, 1.4542250e-6, 1.9309082e-6
-0.069, 1.4275593e-6, 1.9070953e-6
-0.070, 1.4386081e-6, 1.8904396e-6
-0.071, 1.4616622e-6, 1.9756642e-6
-0.072, 1.4124537e-6, 1.9273955e-6
-0.073, 1.4633279e-6, 1.9651595e-6
-0.074, 1.4115467e-6, 1.9435895e-6
-0.075, 1.4602276e-6, 1.9300176e-6
-0.076, 1.4495745e-6, 1.9614160e-6
-0.077, 1.4355079e-6, 1.8722833e-6
-0.078, 1.4586940e-6, 1.9668910e-6
-0.079, 1.4040270e-6, 1.9211620e-6
-0.080, 1.4638226e-6, 1.9582003e-6
-0.081, 1.4297855e-6, 1.9365643e-6
-0.082, 1.4472494e-6, 1.9307927e-6
-0.083, 1.4641359e-6, 1.9414620e-6
-0.084, 1.4193139e-6, 1.8732561e-6
-0.085, 1.4585620e-6, 1.9470856e-6
-0.086, 1.4012400e-6, 1.9223164e-6
-0.087, 1.4424011e-6, 1.9840745e-6
-0.088, 1.4412302e-6, 1.9552485e-6
-0.089, 1.4331991e-6, 1.8940345e-6
-0.090, 1.4636906e-6, 1.9050999e-6
-0.091, 1.4127011e-6, 1.8742126e-6
-0.092, 1.4490963e-6, 1.9489653e-6
-0.093, 1.4137236e-6, 1.9231243e-6
-0.094, 1.4497393e-6, 1.9752024e-6
-0.095, 1.4469360e-6, 1.9564359e-6
-0.096, 1.4157848e-6, 1.9140214e-6
-0.097, 1.4555771e-6, 1.8750702e-6
-0.098, 1.4090236e-6, 1.8893348e-6
-0.099, 1.4444953e-6, 1.9421711e-6
-0.100, 1.4396965e-6, 1.9539953e-6
-0.101, 1.4256299e-6, 1.9325078e-6
-0.102, 1.4657355e-6, 1.9315844e-6
-0.103, 1.4091225e-6, 1.9090578e-6
-0.104, 1.4491293e-6, 1.8794074e-6
-0.105, 1.4124537e-6, 1.9131310e-6
-0.106, 1.4378496e-6, 1.9144998e-6
-0.107, 1.4517677e-6, 1.9802815e-6
-0.108, 1.4205672e-6, 1.9734048e-6
-0.109, 1.4499208e-6, 1.9112344e-6
-0.110, 1.4050494e-6, 1.9246249e-6
-0.111, 1.4522790e-6, 1.8845524e-6
-0.112, 1.4243105e-6, 1.9367128e-6
-0.113, 1.4195942e-6, 1.8984213e-6
-0.114, 1.4577870e-6, 1.9575573e-6
-0.115, 1.4038619e-6, 1.9492622e-6
-0.116, 1.4513885e-6, 1.9268514e-6
-0.117, 1.4093040e-6, 1.9266040e-6
-0.118, 1.4442809e-6, 1.8773459e-6
-0.119, 1.4519328e-6, 1.9512413e-6
-0.120, 1.4211608e-6, 1.9129661e-6
-0.121, 1.4490138e-6, 1.9468216e-6
-0.122, 1.4090236e-6, 1.9597339e-6
-0.123, 1.4592877e-6, 1.9313698e-6
-0.124, 1.4286477e-6, 1.9442327e-6
-0.125, 1.4347163e-6, 1.8504660e-6
-0.126, 1.4514710e-6, 1.9518347e-6
-0.127, 1.4004484e-6, 1.9327549e-6
-0.128, 1.4565007e-6, 1.9361687e-6
-0.129, 1.4172360e-6, 1.9254826e-6
-0.130, 1.4363819e-6, 1.9072272e-6
-0.131, 1.4358377e-6, 1.9501033e-6
-0.132, 1.4326549e-6, 1.8585134e-6
-0.133, 1.4532849e-6, 1.9427155e-6
-0.134, 1.4048350e-6, 1.9144668e-6
-0.135, 1.4550001e-6, 1.9674517e-6
-0.136, 1.4324241e-6, 1.9607728e-6
-0.137, 1.4322097e-6, 1.9062379e-6
-0.138, 1.4603761e-6, 1.9562381e-6
-0.139, 1.4227440e-6, 1.8590742e-6
-0.140, 1.4581332e-6, 1.9541437e-6
-0.141, 1.4037466e-6, 1.9349154e-6
-0.142, 1.4473812e-6, 1.9353276e-6
-0.143, 1.4498054e-6, 1.9776430e-6
-0.144, 1.4352770e-6, 1.9019667e-6
-0.145, 1.4579518e-6, 1.9406377e-6
-0.146, 1.4159333e-6, 1.8630980e-6
-0.147, 1.4698747e-6, 1.9420229e-6
-0.148, 1.4152572e-6, 1.9360532e-6
-0.149, 1.4365634e-6, 1.9327056e-6
-0.150, 1.4562697e-6, 1.9818151e-6
-0.151, 1.4271966e-6, 1.9006309e-6
-0.152, 1.4704683e-6, 1.9222834e-6
-0.153, 1.4065829e-6, 1.8622898e-6
-0.154, 1.4497559e-6, 1.9449087e-6
-0.155, 1.4410158e-6, 1.9499880e-6
-0.156, 1.4406201e-6, 1.9361357e-6
-0.157, 1.4608047e-6, 1.9737511e-6
-0.158, 1.4169062e-6, 1.9399615e-6
-0.159, 1.4647625e-6, 1.9391371e-6
-0.160, 1.4261245e-6, 1.8780386e-6
-0.161, 1.4621901e-6, 1.9415118e-6
-0.162, 1.4592381e-6, 1.9616800e-6
-0.163, 1.4230739e-6, 1.9311224e-6
-0.164, 1.4694624e-6, 1.9376694e-6
-0.165, 1.4238324e-6, 1.9122735e-6
-0.166, 1.4601451e-6, 1.9484710e-6
-0.167, 1.4527077e-6, 1.8981079e-6
-0.168, 1.4437368e-6, 1.9196284e-6
-0.169, 1.4710620e-6, 1.9398130e-6
-0.170, 1.4163456e-6, 1.9731906e-6
-0.171, 1.4666095e-6, 1.9508454e-6
-0.172, 1.4339248e-6, 1.9082497e-6
-0.173, 1.4643997e-6, 1.9222175e-6
-0.174, 1.4569129e-6, 1.9152089e-6
-0.175, 1.4208310e-6, 1.9384772e-6
-0.176, 1.4743601e-6, 1.9082167e-6
-0.177, 1.4143832e-6, 1.9715910e-6
-0.178, 1.4663292e-6, 1.9619108e-6
-0.179, 1.4426319e-6, 1.9441668e-6
-0.180, 1.4485686e-6, 1.9123722e-6
-0.181, 1.4696273e-6, 1.8875041e-6
-0.182, 1.4410489e-6, 1.9232564e-6
-0.183, 1.4638556e-6, 1.9444635e-6
-0.184, 1.4320283e-6, 1.9820459e-6
-0.185, 1.4548186e-6, 1.9445461e-6
-0.186, 1.4745417e-6, 1.9633453e-6
-0.187, 1.4522295e-6, 1.9182926e-6
-0.188, 1.4690667e-6, 1.8874879e-6
-0.189, 1.4263885e-6, 1.9450902e-6
-0.190, 1.4783179e-6, 1.9422703e-6
-0.191, 1.4533839e-6, 1.9685731e-6
-0.192, 1.4452869e-6, 1.9249219e-6
-0.193, 1.4759269e-6, 1.9545394e-6
-0.194, 1.4286312e-6, 1.9451397e-6
-0.195, 1.4692316e-6, 1.9001857e-6
-0.196, 1.4257123e-6, 1.9474153e-6
-0.197, 1.4508609e-6, 1.9383619e-6
-0.198, 1.4673021e-6, 2.0205521e-6
-0.199, 1.4533180e-6, 1.9402255e-6
-0.200, 1.4821110e-6, 1.9362180e-6
-0.201, 1.4416260e-6, 1.9444965e-6
-0.202, 1.4782520e-6, 1.9091403e-6
-0.203, 1.4535158e-6, 1.9503507e-6
-0.204, 1.4570448e-6, 1.9396646e-6
-0.205, 1.4834632e-6, 2.0003179e-6
-0.206, 1.4270811e-6, 1.9665613e-6
-0.207, 1.4969692e-6, 1.9439028e-6
-0.208, 1.4505804e-6, 1.9271647e-6
-0.209, 1.4701550e-6, 1.8953538e-6
-0.210, 1.4808907e-6, 1.9702220e-6
-0.211, 1.4472823e-6, 1.9354429e-6
-0.212, 1.4886414e-6, 1.9960466e-6
-0.213, 1.4442810e-6, 1.9553145e-6
-0.214, 1.4923846e-6, 1.9498229e-6
-0.215, 1.4506959e-6, 1.9522636e-6
-0.216, 1.4482553e-6, 1.9050834e-6
-0.217, 1.4866789e-6, 1.9914787e-6
-0.218, 1.4483378e-6, 1.9316997e-6
-0.219, 1.4937698e-6, 1.9606409e-6
-0.220, 1.4325230e-6, 1.9570130e-6
-0.221, 1.4857553e-6, 1.9498395e-6
-0.222, 1.4785160e-6, 1.9702716e-6
-0.223, 1.4718701e-6, 1.8839917e-6
-0.224, 1.4864645e-6, 1.9935237e-6
-0.225, 1.4403396e-6, 1.9529234e-6
-0.226, 1.4965567e-6, 2.0096847e-6
-0.227, 1.4601286e-6, 1.9627848e-6
-0.228, 1.4882455e-6, 1.9423196e-6
-0.229, 1.4966229e-6, 1.9538304e-6
-0.230, 1.4564841e-6, 1.8876856e-6
-0.231, 1.4990964e-6, 1.9667755e-6
-0.232, 1.4409334e-6, 1.9400604e-6
-0.233, 1.4789612e-6, 2.0214588e-6
-0.234, 1.4758939e-6, 1.9682761e-6
-0.235, 1.4790601e-6, 1.9149945e-6
-0.236, 1.5076057e-6, 1.9815020e-6
-0.237, 1.4535652e-6, 1.9080519e-6
-0.238, 1.4880804e-6, 1.9809577e-6
-0.239, 1.4517349e-6, 1.9426825e-6
-0.240, 1.4957653e-6, 1.9929298e-6
-0.241, 1.4941822e-6, 2.0047210e-6
-0.242, 1.4666259e-6, 1.9477616e-6
-0.243, 1.5060225e-6, 1.9195131e-6
-0.244, 1.4612830e-6, 1.9013071e-6
-0.245, 1.4971670e-6, 1.9903409e-6
-0.246, 1.4772295e-6, 1.9852287e-6
-0.247, 1.4735192e-6, 1.9900772e-6
-0.248, 1.5072758e-6, 1.9905883e-6
-0.249, 1.4674175e-6, 1.9459642e-6
-0.250, 1.5064018e-6, 1.9357565e-6
-0.251, 1.4592711e-6, 1.9379167e-6
-0.252, 1.4858708e-6, 1.9597503e-6
-0.253, 1.4923022e-6, 1.9832992e-6
-0.254, 1.4616624e-6, 2.0010764e-6
-0.255, 1.5028234e-6, 1.9642689e-6
-0.256, 1.4627672e-6, 1.9501858e-6
-0.257, 1.5040603e-6, 1.9247404e-6
-0.258, 1.4672362e-6, 1.9270656e-6
-0.259, 1.4734367e-6, 1.9375705e-6
-0.260, 1.4915271e-6, 2.0032037e-6
-0.261, 1.4533180e-6, 2.0099155e-6
-0.262, 1.5059401e-6, 1.9844538e-6
-0.263, 1.4643997e-6, 1.9470856e-6
-0.264, 1.4843536e-6, 1.9163963e-6
-0.265, 1.4943471e-6, 1.9742788e-6
-0.266, 1.4694131e-6, 1.9501033e-6
-0.267, 1.4949571e-6, 1.9876693e-6
-0.268, 1.4575726e-6, 1.9979925e-6
-0.269, 1.5130313e-6, 1.9710467e-6
-0.270, 1.4749044e-6, 1.9704860e-6
-0.271, 1.4742943e-6, 1.8878011e-6
-0.272, 1.4862665e-6, 1.9912150e-6
-0.273, 1.4497064e-6, 1.9612512e-6
-0.274, 1.5046867e-6, 1.9760432e-6
-0.275, 1.4658674e-6, 1.9709312e-6
-0.276, 1.4870911e-6, 1.9500540e-6
-0.277, 1.4939842e-6, 1.9814358e-6
-0.278, 1.4695119e-6, 1.8970524e-6
-0.279, 1.5009598e-6, 1.9742952e-6
-0.280, 1.4504981e-6, 1.9531046e-6
-0.281, 1.4984862e-6, 1.9956344e-6
-0.282, 1.4698747e-6, 1.9826066e-6
-0.283, 1.4752013e-6, 1.9507299e-6
-0.284, 1.5038293e-6, 1.9579529e-6
-0.285, 1.4627507e-6, 1.8935399e-6
-0.286, 1.5050166e-6, 1.9700574e-6
-0.287, 1.4444129e-6, 1.9422703e-6
-0.288, 1.4824901e-6, 1.9683091e-6
-0.289, 1.4861675e-6, 1.9941504e-6
-0.290, 1.4678134e-6, 1.9245756e-6
-0.291, 1.4852441e-6, 1.9630816e-6
-0.292, 1.4439840e-6, 1.8882133e-6
-0.293, 1.4997230e-6, 1.9718548e-6
-0.294, 1.4607552e-6, 1.9431773e-6
-0.295, 1.4605243e-6, 1.9859378e-6
-0.296, 1.4973648e-6, 1.9668910e-6
-0.297, 1.4603430e-6, 1.9223990e-6
-0.298, 1.4888062e-6, 1.9195788e-6
-0.299, 1.4286477e-6, 1.8943481e-6
-0.300, 1.4745581e-6, 1.9575407e-6
-0.301, 1.4668240e-6, 1.9790941e-6
-0.302, 1.4608707e-6, 1.9644835e-6
-0.303, 1.4853761e-6, 1.9663962e-6
-0.304, 1.4429453e-6, 1.9487347e-6
-0.305, 1.4877343e-6, 1.9111521e-6
-0.306, 1.4479090e-6, 1.9201889e-6
-0.307, 1.4747559e-6, 1.9485863e-6
-0.308, 1.4842053e-6, 1.9923034e-6
-0.309, 1.4417578e-6, 1.9682432e-6
-0.310, 1.4813359e-6, 1.9361521e-6
-0.311, 1.4463589e-6, 1.9235035e-6
-0.312, 1.4649770e-6, 1.9022800e-6
-0.313, 1.4731233e-6, 1.9627353e-6
-0.314, 1.4486345e-6, 1.9134936e-6
-0.315, 1.4880310e-6, 1.9630156e-6
-0.316, 1.4319294e-6, 1.9374220e-6
-0.317, 1.4761907e-6, 1.9288136e-6
-0.318, 1.4443469e-6, 1.9111026e-6
-0.319, 1.4665601e-6, 1.8804297e-6
-0.320, 1.4735522e-6, 1.9783520e-6
-0.321, 1.4269162e-6, 1.9162148e-6
-0.322, 1.4841228e-6, 1.9362674e-6
-0.323, 1.4253001e-6, 1.9384775e-6
-0.324, 1.4811379e-6, 1.9420227e-6
-0.325, 1.4529880e-6, 1.9402419e-6
-0.326, 1.4514544e-6, 1.8702549e-6
-0.327, 1.4840898e-6, 1.9343051e-6
-0.328, 1.4235520e-6, 1.9092556e-6
-0.329, 1.4673517e-6, 1.9822439e-6
-0.330, 1.4237334e-6, 1.9404399e-6
-0.331, 1.4665601e-6, 1.9164620e-6
-0.332, 1.4728761e-6, 1.8949252e-6
-0.333, 1.4409497e-6, 1.8762082e-6
-0.334, 1.4633774e-6, 1.9295228e-6
-0.335, 1.4155540e-6, 1.9393678e-6
-0.336, 1.4736345e-6, 1.9846846e-6
-0.337, 1.4363819e-6, 1.9348988e-6
-0.338, 1.4554947e-6, 1.8866962e-6
-0.339, 1.4641524e-6, 1.8968544e-6
-0.340, 1.4226285e-6, 1.8987676e-6
-0.341, 1.4714743e-6, 1.9205024e-6
-0.342, 1.4225132e-6, 1.9333322e-6
-0.343, 1.4480408e-6, 1.9410663e-6
-0.344, 1.4539939e-6, 1.9381146e-6
-0.345, 1.4410157e-6, 1.8998724e-6
-0.346, 1.4612006e-6, 1.8715082e-6
-0.347, 1.4259762e-6, 1.9335630e-6
-0.348, 1.4603925e-6, 1.9313204e-6
-0.349, 1.4293569e-6, 1.9749054e-6
-0.350, 1.4499539e-6, 1.9342722e-6
-0.351, 1.4591722e-6, 1.9434906e-6
-0.352, 1.4127506e-6, 1.9326067e-6
-0.353, 1.4635423e-6, 1.8706506e-6
-0.354, 1.4275593e-6, 1.9189026e-6
-0.355, 1.4538787e-6, 1.9071119e-6
-0.356, 1.4611015e-6, 1.9782531e-6
-0.357, 1.4347493e-6, 1.9186552e-6
-0.358, 1.4645152e-6, 1.9260597e-6
-0.359, 1.4146140e-6, 1.8966566e-6
-0.360, 1.4581663e-6, 1.8656870e-6
-0.361, 1.4334465e-6, 1.9283191e-6
-0.362, 1.4217875e-6, 1.9238830e-6
-0.363, 1.4624209e-6, 1.9928143e-6
-0.364, 1.4300493e-6, 1.9256145e-6
-0.365, 1.4673187e-6, 1.9093052e-6
-0.366, 1.4090896e-6, 1.8793248e-6
-0.367, 1.4483707e-6, 1.8816500e-6
-0.368, 1.4502176e-6, 1.9513402e-6
-0.369, 1.4272625e-6, 1.9097008e-6
-0.370, 1.4581827e-6, 2.0130487e-6
-0.371, 1.4181430e-6, 1.9131639e-6
-0.372, 1.4810885e-6, 1.9391041e-6
-0.373, 1.4391193e-6, 1.8626196e-6
-0.374, 1.4458971e-6, 1.9002186e-6
-0.375, 1.4675165e-6, 1.9525276e-6
-0.376, 1.4310060e-6, 1.9216732e-6
-0.377, 1.4623549e-6, 1.9317986e-6
-0.378, 1.4121570e-6, 1.8859378e-6
-0.379, 1.4399275e-6, 1.9269173e-6
-0.380, 1.4513059e-6, 1.8725800e-6
-0.381, 1.4409499e-6, 1.8948097e-6
-0.382, 1.4680443e-6, 1.9377849e-6
-0.383, 1.4287632e-6, 1.9384279e-6
-0.384, 1.4561214e-6, 1.9578540e-6
-0.385, 1.4307255e-6, 1.8964752e-6
-0.386, 1.4623054e-6, 1.9179133e-6
-0.387, 1.4642349e-6, 1.8995260e-6
-0.388, 1.4269491e-6, 1.9198096e-6
-0.389, 1.4598812e-6, 1.9184904e-6
-0.390, 1.4225461e-6, 1.9545887e-6
-0.391, 1.4584961e-6, 1.9605750e-6
-0.392, 1.4574241e-6, 1.9179956e-6
-0.393, 1.4439017e-6, 1.8881144e-6
-0.394, 1.4800000e-6, 1.8695459e-6
-0.395, 1.4176649e-6, 1.9239656e-6
-0.396, 1.4554618e-6, 1.9452054e-6
-0.397, 1.4200889e-6, 1.9677484e-6
-0.398, 1.4500528e-6, 1.9356739e-6
-0.399, 1.4758774e-6, 1.9588929e-6
-0.400, 1.4306102e-6, 1.8698097e-6
-0.401, 1.4752012e-6, 1.8876527e-6
-0.402, 1.4176319e-6, 1.9314689e-6
-0.403, 1.4688358e-6, 1.9504166e-6
-0.404, 1.4304783e-6, 1.9918912e-6
-0.405, 1.4270645e-6, 1.8932595e-6
-0.406, 1.4664447e-6, 1.9371250e-6
-0.407, 1.4267512e-6, 1.8725470e-6
-0.408, 1.4768833e-6, 1.9464094e-6
-0.409, 1.4168568e-6, 1.9229924e-6
-0.410, 1.4628497e-6, 1.9446284e-6
-0.411, 1.4643833e-6, 1.9754002e-6
-0.412, 1.4506629e-6, 1.9101792e-6
-0.413, 1.4674836e-6, 1.9319471e-6
-0.414, 1.4191324e-6, 1.8804956e-6
-0.415, 1.4829023e-6, 1.9408685e-6
-0.416, 1.4307255e-6, 1.9356573e-6
-0.417, 1.4511742e-6, 1.9278077e-6
-0.418, 1.4618272e-6, 1.9654894e-6
-0.419, 1.4260586e-6, 1.9317656e-6
-0.420, 1.4755311e-6, 1.9184740e-6
-0.421, 1.4374868e-6, 1.8825734e-6
-0.422, 1.4555112e-6, 1.9441666e-6
-0.423, 1.4425000e-6, 1.9949582e-6
-0.424, 1.4411312e-6, 1.9713434e-6
-0.425, 1.4738159e-6, 1.9607564e-6
-0.426, 1.4372229e-6, 1.9328704e-6
-0.427, 1.4750362e-6, 1.9018347e-6
-0.428, 1.4509927e-6, 1.9278243e-6
-0.429, 1.4453199e-6, 1.9515710e-6
-0.430, 1.4663292e-6, 1.9929134e-6
-0.431, 1.4367117e-6, 1.9891372e-6
-0.432, 1.4837600e-6, 1.9424022e-6
-0.433, 1.4280705e-6, 1.9435729e-6
-0.434, 1.4706333e-6, 1.8922206e-6
-0.435, 1.4721504e-6, 1.9904562e-6
-0.436, 1.4535817e-6, 1.9140380e-6
-0.437, 1.4786149e-6, 2.0097671e-6
-0.438, 1.4417415e-6, 1.9586621e-6
-0.439, 1.4918900e-6, 1.9545064e-6
-0.440, 1.4649604e-6, 1.9454201e-6
-0.441, 1.4541755e-6, 1.8852616e-6
-0.442, 1.4814182e-6, 1.9811228e-6
-0.443, 1.4425329e-6, 1.9355091e-6
-0.444, 1.4836941e-6, 1.9894339e-6
-0.445, 1.4287631e-6, 1.9679464e-6
-0.446, 1.4794559e-6, 1.9482234e-6
-0.447, 1.4748550e-6, 1.9151098e-6
-0.448, 1.4557420e-6, 1.9039951e-6
-0.449, 1.4894822e-6, 1.9712941e-6
-0.450, 1.4412631e-6, 1.9820625e-6
-0.451, 1.4885093e-6, 1.9990812e-6
-0.452, 1.4567645e-6, 1.9356905e-6
-0.453, 1.4869591e-6, 1.9554957e-6
-0.454, 1.4917910e-6, 1.9382135e-6
-0.455, 1.4601947e-6, 1.9460467e-6
-0.456, 1.4870911e-6, 1.9534509e-6
-0.457, 1.4451221e-6, 1.9699582e-6
-0.458, 1.4792745e-6, 1.9927320e-6
-0.459, 1.4831169e-6, 1.9677650e-6
-0.460, 1.4622559e-6, 1.9106903e-6
-0.461, 1.5054454e-6, 1.9238830e-6
-0.462, 1.4519987e-6, 1.9567985e-6
-0.463, 1.4811709e-6, 1.9733225e-6
-0.464, 1.4618272e-6, 2.0040777e-6
-0.465, 1.4822922e-6, 1.9391700e-6
-0.466, 1.5009764e-6, 1.9860368e-6
-0.467, 1.4529880e-6, 1.9149945e-6
-0.468, 1.5072428e-6, 1.9439522e-6
-0.469, 1.4425165e-6, 1.9575900e-6
-0.470, 1.5008115e-6, 1.9977617e-6
-0.471, 1.4793404e-6, 1.9954532e-6
-0.472, 1.4719031e-6, 1.9275440e-6
-0.473, 1.5120581e-6, 1.9819142e-6
-0.474, 1.4634762e-6, 1.9076065e-6
-0.475, 1.4982554e-6, 1.9734380e-6
-0.476, 1.4539446e-6, 1.9608719e-6
-0.477, 1.4877836e-6, 1.9952222e-6
-0.478, 1.5056597e-6, 2.0218054e-6
-0.479, 1.4774275e-6, 1.9614490e-6
-0.480, 1.5008939e-6, 1.9226957e-6
-0.481, 1.4541095e-6, 1.9493614e-6
-0.482, 1.5048682e-6, 1.9963932e-6
-0.483, 1.4760917e-6, 2.0103278e-6
-0.484, 1.4855079e-6, 1.9685401e-6
-0.485, 1.4962930e-6, 1.9905883e-6
-0.486, 1.4529056e-6, 1.9885433e-6
-0.487, 1.4999043e-6, 1.9337444e-6
-0.488, 1.4721010e-6, 1.9840579e-6
-0.489, 1.4944129e-6, 1.9869767e-6
-0.490, 1.4971505e-6, 2.0341404e-6
-0.491, 1.4802804e-6, 1.9811225e-6
-0.492, 1.5073418e-6, 1.9883289e-6
-0.493, 1.4703035e-6, 1.9730587e-6
-0.494, 1.5154883e-6, 1.9462609e-6
-0.495, 1.4853431e-6, 1.9972010e-6
-0.496, 1.4918569e-6, 1.9918582e-6
-0.497, 1.5166427e-6, 2.0750706e-6
-0.498, 1.4644492e-6, 1.9749880e-6
-0.499, 1.5207158e-6, 1.9915610e-6
-0.500, 1.4834797e-6, 1.9378508e-6
