Dec. 21, 2005   06:44:13
Square Wave Voltammetry
File: d:\ida_biofilms\12_10_18_dphzstar\a_760b\75um_pyo\a_75um_pyo_swvfast_6_3.txt
Data Source:  Experiment
Instrument Model:  CHI760E
Header: 
Note: 

Init E (V) = 0.1
Final E (V) = -0.5
Incr E (V) = 0.001
Amplitude (V) = 0.025
Frequency (Hz) = 300
Quiet Time (sec) = 2
Sensitivity (A/V) = 1e-6
Sens 2 (A/V) = 1e-6

Potential/V, i1/A, i2/A

0.099, 1.5979751e-6, 1.9082827e-6
0.098, 1.5151420e-6, 1.9678805e-6
0.097, 1.5363491e-6, 1.9652914e-6
0.096, 1.5562864e-6, 1.9787315e-6
0.095, 1.5158840e-6, 1.9717722e-6
0.094, 1.5627344e-6, 2.0098989e-6
0.093, 1.5210292e-6, 2.0288965e-6
0.092, 1.5493273e-6, 2.0733555e-6
0.091, 1.5646474e-6, 2.0460634e-6
0.090, 1.5430609e-6, 2.0054629e-6
0.089, 1.5586118e-6, 2.0143680e-6
0.088, 1.5286644e-6, 1.9889062e-6
0.087, 1.5690669e-6, 2.0513899e-6
0.086, 1.5397131e-6, 2.0241966e-6
0.085, 1.5299012e-6, 2.0628345e-6
0.084, 1.5666427e-6, 2.0772309e-6
0.083, 1.5326223e-6, 2.0222835e-6
0.082, 1.5731731e-6, 2.0429961e-6
0.081, 1.5122890e-6, 1.9831180e-6
0.080, 1.5692978e-6, 2.0391371e-6
0.079, 1.5486017e-6, 2.0626201e-6
0.078, 1.5392679e-6, 2.0288469e-6
0.077, 1.5581995e-6, 2.0939856e-6
0.076, 1.5101947e-6, 2.0189523e-6
0.075, 1.5675168e-6, 2.0529565e-6
0.074, 1.5300991e-6, 1.9645659e-6
0.073, 1.5545714e-6, 2.0288139e-6
0.072, 1.5569956e-6, 2.0551663e-6
0.071, 1.5269659e-6, 2.0285665e-6
0.070, 1.5561546e-6, 2.0760931e-6
0.069, 1.5045055e-6, 1.9915778e-6
0.068, 1.5432918e-6, 2.0439361e-6
0.067, 1.5421539e-6, 1.9725803e-6
0.066, 1.5183082e-6, 1.9793911e-6
0.065, 1.5572264e-6, 2.0301661e-6
0.064, 1.5051155e-6, 2.0253508e-6
0.063, 1.5465075e-6, 2.0588436e-6
0.062, 1.5201058e-6, 2.0086622e-6
0.061, 1.5460623e-6, 2.0182433e-6
0.060, 1.5439514e-6, 1.9975805e-6
0.059, 1.5034004e-6, 1.9688041e-6
0.058, 1.5461281e-6, 2.0121583e-6
0.057, 1.4855575e-6, 2.0022144e-6
0.056, 1.5377509e-6, 2.0382467e-6
0.055, 1.5175991e-6, 2.0424518e-6
0.054, 1.5193307e-6, 1.9760434e-6
0.053, 1.5543241e-6, 2.0175012e-6
0.052, 1.4937534e-6, 1.9334807e-6
0.051, 1.5412469e-6, 2.0208818e-6
0.050, 1.4884928e-6, 1.9977783e-6
0.049, 1.5192646e-6, 2.0092393e-6
0.048, 1.5229750e-6, 2.0411819e-6
0.047, 1.4900099e-6, 1.9853774e-6
0.046, 1.5258610e-6, 1.9941833e-6
0.045, 1.4781531e-6, 1.9435895e-6
0.044, 1.5342713e-6, 1.9908027e-6
0.043, 1.4898451e-6, 2.0005157e-6
0.042, 1.4990964e-6, 1.9910499e-6
0.041, 1.5168570e-6, 2.0628509e-6
0.040, 1.4672362e-6, 1.9721185e-6
0.039, 1.5201716e-6, 2.0035170e-6
0.038, 1.4743437e-6, 1.9480256e-6
0.037, 1.5118932e-6, 1.9442161e-6
0.036, 1.5072428e-6, 2.0187877e-6
0.035, 1.4899274e-6, 1.9875047e-6
0.034, 1.5114151e-6, 2.0147143e-6
0.033, 1.4765534e-6, 1.9882466e-6
0.032, 1.5168735e-6, 1.9789293e-6
0.031, 1.4815666e-6, 2.0014722e-6
0.030, 1.4917415e-6, 1.9303309e-6
0.029, 1.5091888e-6, 2.0046714e-6
0.028, 1.4543239e-6, 1.9821780e-6
0.027, 1.5059566e-6, 2.0025111e-6
0.026, 1.4681925e-6, 1.9828869e-6
0.025, 1.4945945e-6, 1.9598494e-6
0.024, 1.5023286e-6, 2.0037974e-6
0.023, 1.4873385e-6, 1.8957496e-6
0.022, 1.5082159e-6, 1.9707500e-6
0.021, 1.4553627e-6, 1.9775275e-6
0.020, 1.5016030e-6, 1.9932763e-6
0.019, 1.4745251e-6, 2.0160996e-6
0.018, 1.4706333e-6, 1.9929464e-6
0.017, 1.5023782e-6, 1.9916272e-6
0.016, 1.4707487e-6, 1.9510599e-6
0.015, 1.4993108e-6, 1.9376198e-6
0.014, 1.4424835e-6, 1.9722670e-6
0.013, 1.4793734e-6, 1.9697934e-6
0.012, 1.4913952e-6, 2.0247737e-6
0.011, 1.4666920e-6, 1.9654728e-6
0.010, 1.5027243e-6, 1.9782860e-6
0.009, 1.4606728e-6, 1.9640381e-6
0.008, 1.4988161e-6, 1.9263070e-6
0.007, 1.4696933e-6, 1.9612016e-6
0.006, 1.4824078e-6, 1.9571285e-6
0.005, 1.4913787e-6, 2.0020823e-6
0.004, 1.4601781e-6, 1.9841239e-6
0.003, 1.4873219e-6, 1.9454035e-6
0.002, 1.4400429e-6, 1.9412807e-6
0.001, 1.4706168e-6, 1.9538961e-6
-0.000, 1.4750199e-6, 1.9326230e-6
-0.001, 1.4476616e-6, 1.9475474e-6
-0.002, 1.4829848e-6, 1.9701890e-6
-0.003, 1.4450395e-6, 1.9597999e-6
-0.004, 1.4715238e-6, 1.9689523e-6
-0.005, 1.4500857e-6, 1.9201066e-6
-0.006, 1.4823252e-6, 1.9500044e-6
-0.007, 1.4788293e-6, 1.9295394e-6
-0.008, 1.4498548e-6, 1.9515710e-6
-0.009, 1.4817811e-6, 1.9432762e-6
-0.010, 1.4400923e-6, 1.9644174e-6
-0.011, 1.4742284e-6, 1.9766203e-6
-0.012, 1.4540435e-6, 1.9511754e-6
-0.013, 1.4560389e-6, 1.9151428e-6
-0.014, 1.4815832e-6, 1.9027418e-6
-0.015, 1.4394986e-6, 1.8923361e-6
-0.016, 1.4809566e-6, 1.9501035e-6
-0.017, 1.4295547e-6, 1.9609872e-6
-0.018, 1.4684731e-6, 1.9817658e-6
-0.019, 1.4625033e-6, 1.9849979e-6
-0.020, 1.4514380e-6, 1.9223494e-6
-0.021, 1.4738159e-6, 1.9284014e-6
-0.022, 1.4202703e-6, 1.8786486e-6
-0.023, 1.4785983e-6, 1.9526594e-6
-0.024, 1.4284827e-6, 1.9567988e-6
-0.025, 1.4466721e-6, 1.9469535e-6
-0.026, 1.4527902e-6, 1.9693316e-6
-0.027, 1.4231232e-6, 1.9170559e-6
-0.028, 1.4663126e-6, 1.9434576e-6
-0.029, 1.4160323e-6, 1.8654396e-6
-0.030, 1.4577539e-6, 1.9162808e-6
-0.031, 1.4678958e-6, 1.9580189e-6
-0.032, 1.4428792e-6, 1.9254826e-6
-0.033, 1.4596174e-6, 1.9674681e-6
-0.034, 1.4206331e-6, 1.9168415e-6
-0.035, 1.4645648e-6, 1.9358222e-6
-0.036, 1.4348482e-6, 1.9123725e-6
-0.037, 1.4400593e-6, 1.8701229e-6
-0.038, 1.4556101e-6, 1.9640711e-6
-0.039, 1.4001021e-6, 1.9135762e-6
-0.040, 1.4617283e-6, 1.9596516e-6
-0.041, 1.4171867e-6, 1.9310401e-6
-0.042, 1.4511576e-6, 1.9195622e-6
-0.043, 1.4513062e-6, 1.9543579e-6
-0.044, 1.4331993e-6, 1.8497403e-6
-0.045, 1.4556927e-6, 1.9348163e-6
-0.046, 1.4114643e-6, 1.9175836e-6
-0.047, 1.4512071e-6, 1.9557433e-6
-0.048, 1.4282355e-6, 1.9599156e-6
-0.049, 1.4242612e-6, 1.9347835e-6
-0.050, 1.4641029e-6, 1.9442491e-6
-0.051, 1.4202868e-6, 1.8504495e-6
-0.052, 1.4564182e-6, 1.8758948e-6
-0.053, 1.4043896e-6, 1.9169072e-6
-0.054, 1.4398285e-6, 1.9263896e-6
-0.055, 1.4431926e-6, 1.9600802e-6
-0.056, 1.4275429e-6, 1.9136587e-6
-0.057, 1.4645151e-6, 1.9196118e-6
-0.058, 1.4162301e-6, 1.9248560e-6
-0.059, 1.4569459e-6, 1.8851297e-6
-0.060, 1.4282355e-6, 1.9176659e-6
-0.061, 1.4508279e-6, 1.9217061e-6
-0.062, 1.4669723e-6, 1.9643678e-6
-0.063, 1.4157683e-6, 1.9287477e-6
-0.064, 1.4562534e-6, 1.9006144e-6
-0.065, 1.4226450e-6, 1.8936553e-6
-0.066, 1.4435059e-6, 1.8858223e-6
-0.067, 1.4432585e-6, 1.8695129e-6
-0.068, 1.4268172e-6, 1.8942490e-6
-0.069, 1.4526748e-6, 1.9200902e-6
-0.070, 1.4070282e-6, 1.9213269e-6
-0.071, 1.4473318e-6, 1.9202384e-6
-0.072, 1.4191985e-6, 1.8920227e-6
-0.073, 1.4470513e-6, 1.8773129e-6
-0.074, 1.4461939e-6, 1.8941664e-6
-0.075, 1.4080506e-6, 1.9014226e-6
-0.076, 1.4404716e-6, 1.9028737e-6
-0.077, 1.4013719e-6, 1.9259937e-6
-0.078, 1.4525593e-6, 1.9610698e-6
-0.079, 1.4245909e-6, 1.9074253e-6
-0.080, 1.4308739e-6, 1.8810894e-6
-0.081, 1.4468701e-6, 1.8811388e-6
-0.082, 1.4117281e-6, 1.8877681e-6
-0.083, 1.4508938e-6, 1.9238337e-6
-0.084, 1.3973481e-6, 1.9168249e-6
-0.085, 1.4427968e-6, 1.9463600e-6
-0.086, 1.4430607e-6, 1.9463600e-6
-0.087, 1.4210289e-6, 1.8915116e-6
-0.088, 1.4463917e-6, 1.9052814e-6
-0.089, 1.3979088e-6, 1.8648623e-6
-0.090, 1.4518503e-6, 1.9282531e-6
-0.091, 1.4048680e-6, 1.9079694e-6
-0.092, 1.4190006e-6, 1.8948261e-6
-0.093, 1.4396142e-6, 1.9645327e-6
-0.094, 1.3956991e-6, 1.8880816e-6
-0.095, 1.4394822e-6, 1.9165941e-6
-0.096, 1.4028890e-6, 1.8597337e-6
-0.097, 1.4417415e-6, 1.8610365e-6
-0.098, 1.4331497e-6, 1.9424022e-6
-0.099, 1.4157024e-6, 1.8788630e-6
-0.100, 1.4380309e-6, 1.9230749e-6
-0.101, 1.3919721e-6, 1.9081178e-6
-0.102, 1.4421867e-6, 1.9151757e-6
-0.103, 1.4206166e-6, 1.9115314e-6
-0.104, 1.4174670e-6, 1.8427154e-6
-0.105, 1.4452374e-6, 1.9288468e-6
-0.106, 1.3992117e-6, 1.8980913e-6
-0.107, 1.4421372e-6, 1.9193644e-6
-0.108, 1.3987334e-6, 1.9371582e-6
-0.109, 1.4358872e-6, 1.8848164e-6
-0.110, 1.4438358e-6, 1.9264721e-6
-0.111, 1.4187367e-6, 1.8383289e-6
-0.112, 1.4395151e-6, 1.8693313e-6
-0.113, 1.4036311e-6, 1.9134609e-6
-0.114, 1.4504980e-6, 1.9092886e-6
-0.115, 1.4112334e-6, 1.9224813e-6
-0.116, 1.4188686e-6, 1.9068316e-6
-0.117, 1.4381299e-6, 1.9276099e-6
-0.118, 1.4067315e-6, 1.8825074e-6
-0.119, 1.4326056e-6, 1.8531209e-6
-0.120, 1.3974966e-6, 1.8988335e-6
-0.121, 1.4312698e-6, 1.9190018e-6
-0.122, 1.4227110e-6, 1.9308256e-6
-0.123, 1.4195448e-6, 1.9206507e-6
-0.124, 1.4571604e-6, 1.9331178e-6
-0.125, 1.4042578e-6, 1.9003342e-6
-0.126, 1.4484036e-6, 1.8823921e-6
-0.127, 1.4161641e-6, 1.8391203e-6
-0.128, 1.4449736e-6, 1.9032859e-6
-0.129, 1.4452704e-6, 1.9291272e-6
-0.130, 1.4114478e-6, 1.9011422e-6
-0.131, 1.4407190e-6, 1.9196450e-6
-0.132, 1.3977275e-6, 1.8845358e-6
-0.133, 1.4426319e-6, 1.9069964e-6
-0.134, 1.4394822e-6, 1.8458486e-6
-0.135, 1.4180441e-6, 1.8620756e-6
-0.136, 1.4546372e-6, 1.9021317e-6
-0.137, 1.3954517e-6, 1.9088268e-6
-0.138, 1.4371404e-6, 1.9589095e-6
-0.139, 1.3999537e-6, 1.9179297e-6
-0.140, 1.4424834e-6, 1.8961620e-6
-0.141, 1.4439677e-6, 1.9284673e-6
-0.142, 1.4085620e-6, 1.8492126e-6
-0.143, 1.4525099e-6, 1.9029726e-6
-0.144, 1.3919062e-6, 1.9111851e-6
-0.145, 1.4522132e-6, 1.9423856e-6
-0.146, 1.4145315e-6, 1.9345196e-6
-0.147, 1.4250527e-6, 1.8707990e-6
-0.148, 1.4550495e-6, 1.9199088e-6
-0.149, 1.4164115e-6, 1.8498229e-6
-0.150, 1.4522130e-6, 1.8544731e-6
-0.151, 1.4006133e-6, 1.9038137e-6
-0.152, 1.4357222e-6, 1.8929463e-6
-0.153, 1.4493601e-6, 1.9516369e-6
-0.154, 1.4341722e-6, 1.9084641e-6
-0.155, 1.4454519e-6, 1.8870589e-6
-0.156, 1.4077043e-6, 1.8894007e-6
-0.157, 1.4630145e-6, 1.8528406e-6
-0.158, 1.4197261e-6, 1.9084641e-6
-0.159, 1.4240798e-6, 1.8748394e-6
-0.160, 1.4465568e-6, 1.9307927e-6
-0.161, 1.4090731e-6, 1.9448098e-6
-0.162, 1.4494921e-6, 1.9155220e-6
-0.163, 1.4231398e-6, 1.8856408e-6
-0.164, 1.4507453e-6, 1.9108224e-6
-0.165, 1.4448912e-6, 1.8766698e-6
-0.166, 1.4358707e-6, 1.8943151e-6
-0.167, 1.4496405e-6, 1.8999053e-6
-0.168, 1.4152406e-6, 1.9202218e-6
-0.169, 1.4571933e-6, 1.9424185e-6
-0.170, 1.4351122e-6, 1.8950735e-6
-0.171, 1.4434564e-6, 1.9009277e-6
-0.172, 1.4518173e-6, 1.8991963e-6
-0.173, 1.4184728e-6, 1.8583485e-6
-0.174, 1.4620086e-6, 1.9282365e-6
-0.175, 1.4073416e-6, 1.9054627e-6
-0.176, 1.4541424e-6, 1.9257795e-6
-0.177, 1.4478760e-6, 1.9537974e-6
-0.178, 1.4310883e-6, 1.8867786e-6
-0.179, 1.4623218e-6, 1.9228110e-6
-0.180, 1.4241622e-6, 1.8408848e-6
-0.181, 1.4776583e-6, 1.9065017e-6
-0.182, 1.4329188e-6, 1.9138402e-6
-0.183, 1.4262564e-6, 1.8992127e-6
-0.184, 1.4614974e-6, 1.9799518e-6
-0.185, 1.4261245e-6, 1.9019997e-6
-0.186, 1.4735356e-6, 1.9034179e-6
-0.187, 1.4230409e-6, 1.8948263e-6
-0.188, 1.4575066e-6, 1.8711454e-6
-0.189, 1.4685060e-6, 1.9255649e-6
-0.190, 1.4458146e-6, 1.8800835e-6
-0.191, 1.4704683e-6, 1.9573758e-6
-0.192, 1.4277737e-6, 1.9574254e-6
-0.193, 1.4718041e-6, 1.9474483e-6
-0.194, 1.4461115e-6, 1.8956014e-6
-0.195, 1.4662797e-6, 1.8957661e-6
-0.196, 1.4651089e-6, 1.8954033e-6
-0.197, 1.4399275e-6, 1.9125869e-6
-0.198, 1.4701716e-6, 1.9151923e-6
-0.199, 1.4320283e-6, 1.9089257e-6
-0.200, 1.4608709e-6, 1.9485367e-6
-0.201, 1.4588753e-6, 1.9174515e-6
-0.202, 1.4455178e-6, 1.8926988e-6
-0.203, 1.4825727e-6, 1.8712115e-6
-0.204, 1.4324406e-6, 1.8621249e-6
-0.205, 1.4730574e-6, 1.9265874e-6
-0.206, 1.4274768e-6, 1.9146810e-6
-0.207, 1.4591062e-6, 1.9244437e-6
-0.208, 1.4701550e-6, 1.9504989e-6
-0.209, 1.4371406e-6, 1.9027418e-6
-0.210, 1.4752343e-6, 1.9051824e-6
-0.211, 1.4214907e-6, 1.8568644e-6
-0.212, 1.4775101e-6, 1.9235367e-6
-0.213, 1.4401088e-6, 1.9394338e-6
-0.214, 1.4500033e-6, 1.9133784e-6
-0.215, 1.4859862e-6, 1.9782037e-6
-0.216, 1.4374702e-6, 1.9291765e-6
-0.217, 1.4839743e-6, 1.9150934e-6
-0.218, 1.4330508e-6, 1.9071449e-6
-0.219, 1.4768339e-6, 1.8496414e-6
-0.220, 1.4845350e-6, 1.9432266e-6
-0.221, 1.4529386e-6, 1.9136423e-6
-0.222, 1.4836941e-6, 1.9353936e-6
-0.223, 1.4289114e-6, 1.9609213e-6
-0.224, 1.4815502e-6, 1.9285335e-6
-0.225, 1.4575560e-6, 1.9280881e-6
-0.226, 1.4631134e-6, 1.8627679e-6
-0.227, 1.4850134e-6, 1.8912807e-6
-0.228, 1.4302638e-6, 1.9350307e-6
-0.229, 1.4780212e-6, 1.9125869e-6
-0.230, 1.4473483e-6, 1.9368281e-6
-0.231, 1.4717876e-6, 1.9454696e-6
-0.232, 1.4770812e-6, 1.9357233e-6
-0.233, 1.4751353e-6, 1.9111026e-6
-0.234, 1.4847330e-6, 1.8863168e-6
-0.235, 1.4508444e-6, 1.8773128e-6
-0.236, 1.4956004e-6, 1.9394502e-6
-0.237, 1.4508114e-6, 1.9468382e-6
-0.238, 1.4605409e-6, 1.9648462e-6
-0.239, 1.4909995e-6, 1.9841568e-6
-0.240, 1.4636412e-6, 1.9074087e-6
-0.241, 1.4965567e-6, 1.9277254e-6
-0.242, 1.4416754e-6, 1.8724976e-6
-0.243, 1.4905377e-6, 1.9332829e-6
-0.244, 1.4793734e-6, 1.9678143e-6
-0.245, 1.4701221e-6, 1.9238830e-6
-0.246, 1.4862336e-6, 2.0002849e-6
-0.247, 1.4555606e-6, 1.9437543e-6
-0.248, 1.5050330e-6, 1.9353276e-6
-0.249, 1.4640865e-6, 1.8751361e-6
-0.250, 1.4796373e-6, 1.8750209e-6
-0.251, 1.4961281e-6, 1.9811885e-6
-0.252, 1.4604584e-6, 1.9043578e-6
-0.253, 1.5014216e-6, 1.9464424e-6
-0.254, 1.4534004e-6, 1.9336949e-6
-0.255, 1.4813688e-6, 1.9298691e-6
-0.256, 1.4933246e-6, 1.9391371e-6
-0.257, 1.4758443e-6, 1.8609211e-6
-0.258, 1.5010753e-6, 1.9488007e-6
-0.259, 1.4503166e-6, 1.9211125e-6
-0.260, 1.4920217e-6, 1.9602619e-6
-0.261, 1.4706004e-6, 1.9596682e-6
-0.262, 1.4993273e-6, 1.9480090e-6
-0.263, 1.5051155e-6, 1.9618449e-6
-0.264, 1.4627176e-6, 1.9313038e-6
-0.265, 1.5061214e-6, 1.8848492e-6
-0.266, 1.4603430e-6, 1.9282529e-6
-0.267, 1.4822429e-6, 1.9440183e-6
-0.268, 1.4799671e-6, 1.9655386e-6
-0.269, 1.4702870e-6, 1.9329530e-6
-0.270, 1.5017349e-6, 1.9325903e-6
-0.271, 1.4578035e-6, 1.9148295e-6
-0.272, 1.4960291e-6, 1.8926823e-6
-0.273, 1.4521966e-6, 1.8783519e-6
-0.274, 1.4763061e-6, 1.9249549e-6
-0.275, 1.4823747e-6, 1.9844206e-6
-0.276, 1.4623054e-6, 1.9684246e-6
-0.277, 1.4862171e-6, 1.9477782e-6
-0.278, 1.4434729e-6, 1.9088600e-6
-0.279, 1.5058411e-6, 1.9226793e-6
-0.280, 1.4663622e-6, 1.8769008e-6
-0.281, 1.4708476e-6, 1.9013071e-6
-0.282, 1.4779388e-6, 1.9595032e-6
-0.283, 1.4408839e-6, 1.9443150e-6
-0.284, 1.4865634e-6, 1.9626200e-6
-0.285, 1.4424835e-6, 1.8932925e-6
-0.286, 1.4804289e-6, 1.9265215e-6
-0.287, 1.4725463e-6, 1.8988335e-6
-0.288, 1.4636246e-6, 1.8576890e-6
-0.289, 1.4787138e-6, 1.9322604e-6
-0.290, 1.4375032e-6, 1.8936223e-6
-0.291, 1.4808246e-6, 1.9575407e-6
-0.292, 1.4534994e-6, 1.9492954e-6
-0.293, 1.4554288e-6, 1.8997075e-6
-0.294, 1.4726782e-6, 1.9582992e-6
-0.295, 1.4232553e-6, 1.8628505e-6
-0.296, 1.4873549e-6, 1.9284016e-6
-0.297, 1.4388061e-6, 1.8975636e-6
-0.298, 1.4693139e-6, 1.9326396e-6
-0.299, 1.4759268e-6, 1.9899946e-6
-0.300, 1.4570779e-6, 1.9113336e-6
-0.301, 1.4726616e-6, 1.9105089e-6
-0.302, 1.4407354e-6, 1.9152583e-6
-0.303, 1.4844854e-6, 1.8578538e-6
-0.304, 1.4518668e-6, 1.9205518e-6
-0.305, 1.4337269e-6, 1.9110037e-6
-0.306, 1.4792580e-6, 1.9805454e-6
-0.307, 1.4356398e-6, 1.9176989e-6
-0.308, 1.4774275e-6, 1.9113170e-6
-0.309, 1.4216886e-6, 1.8841567e-6
-0.310, 1.4607883e-6, 1.8700405e-6
-0.311, 1.4667744e-6, 1.8742621e-6
-0.312, 1.4472164e-6, 1.8897636e-6
-0.313, 1.4598648e-6, 1.9380486e-6
-0.314, 1.4212433e-6, 1.9654562e-6
-0.315, 1.4640370e-6, 1.9062873e-6
-0.316, 1.4487995e-6, 1.8897799e-6
-0.317, 1.4639710e-6, 1.8719866e-6
-0.318, 1.4655704e-6, 1.8855583e-6
-0.319, 1.4392677e-6, 1.9020160e-6
-0.320, 1.4707322e-6, 1.9066172e-6
-0.321, 1.4227605e-6, 1.9082497e-6
-0.322, 1.4543403e-6, 1.9703541e-6
-0.323, 1.4453365e-6, 1.8955682e-6
-0.324, 1.4394491e-6, 1.8803637e-6
-0.325, 1.4683576e-6, 1.8783189e-6
-0.326, 1.4243436e-6, 1.8816005e-6
-0.327, 1.4552144e-6, 1.9220856e-6
-0.328, 1.4251516e-6, 1.8870919e-6
-0.329, 1.4507618e-6, 1.9430288e-6
-0.330, 1.4586115e-6, 1.9415115e-6
-0.331, 1.4214907e-6, 1.8886586e-6
-0.332, 1.4575065e-6, 1.8915939e-6
-0.333, 1.4118107e-6, 1.8499381e-6
-0.334, 1.4519821e-6, 1.9183256e-6
-0.335, 1.4346008e-6, 1.9190843e-6
-0.336, 1.4267678e-6, 1.8969040e-6
-0.337, 1.4627838e-6, 1.9543911e-6
-0.338, 1.4097657e-6, 1.8712939e-6
-0.339, 1.4589577e-6, 1.8953044e-6
-0.340, 1.4098482e-6, 1.8701395e-6
-0.341, 1.4472328e-6, 1.8423193e-6
-0.342, 1.4529717e-6, 1.9300176e-6
-0.343, 1.4189842e-6, 1.8984706e-6
-0.344, 1.4629650e-6, 1.9041599e-6
-0.345, 1.4002341e-6, 1.9217061e-6
-0.346, 1.4537632e-6, 1.8884608e-6
-0.347, 1.4228924e-6, 1.9138565e-6
-0.348, 1.4296043e-6, 1.8086946e-6
-0.349, 1.4520811e-6, 1.8979758e-6
-0.350, 1.3992776e-6, 1.9034343e-6
-0.351, 1.4495745e-6, 1.9297536e-6
-0.352, 1.4120579e-6, 1.9243282e-6
-0.353, 1.4377836e-6, 1.9126364e-6
-0.354, 1.4479090e-6, 1.9240808e-6
-0.355, 1.4392842e-6, 1.8754165e-6
-0.356, 1.4451550e-6, 1.8403734e-6
-0.357, 1.4093039e-6, 1.8939027e-6
-0.358, 1.4423845e-6, 1.8983221e-6
-0.359, 1.4291425e-6, 1.9258785e-6
-0.360, 1.4301154e-6, 1.9246415e-6
-0.361, 1.4481728e-6, 1.9102285e-6
-0.362, 1.4082651e-6, 1.8919073e-6
-0.363, 1.4514214e-6, 1.8463927e-6
-0.364, 1.4121239e-6, 1.8508122e-6
-0.365, 1.4335455e-6, 1.8990974e-6
-0.366, 1.4422361e-6, 1.9514887e-6
-0.367, 1.4237664e-6, 1.9223824e-6
-0.368, 1.4466227e-6, 1.9301494e-6
-0.369, 1.4118601e-6, 1.8937708e-6
-0.370, 1.4618931e-6, 1.8999549e-6
-0.371, 1.4183079e-6, 1.8655056e-6
-0.372, 1.4234695e-6, 1.9080849e-6
-0.373, 1.4428298e-6, 1.9279564e-6
-0.374, 1.4129155e-6, 1.8998559e-6
-0.375, 1.4519492e-6, 1.9167755e-6
-0.376, 1.3962103e-6, 1.8796545e-6
-0.377, 1.4411477e-6, 1.9087279e-6
-0.378, 1.4355903e-6, 1.8664950e-6
-0.379, 1.4168568e-6, 1.8689686e-6
-0.380, 1.4527243e-6, 1.9142358e-6
-0.381, 1.4016523e-6, 1.9281376e-6
-0.382, 1.4572593e-6, 1.9645327e-6
-0.383, 1.4232882e-6, 1.9083486e-6
-0.384, 1.4584136e-6, 1.9007134e-6
-0.385, 1.4603759e-6, 1.9226627e-6
-0.386, 1.4196272e-6, 1.8357561e-6
-0.387, 1.4549011e-6, 1.9207662e-6
-0.388, 1.4086772e-6, 1.8911487e-6
-0.389, 1.4405375e-6, 1.9802155e-6
-0.390, 1.4452539e-6, 1.9440349e-6
-0.391, 1.4248053e-6, 1.8710795e-6
-0.392, 1.4726452e-6, 1.9180948e-6
-0.393, 1.4116292e-6, 1.8425999e-6
-0.394, 1.4499702e-6, 1.8769337e-6
-0.395, 1.4208805e-6, 1.9085960e-6
-0.396, 1.4464082e-6, 1.9155882e-6
-0.397, 1.4605573e-6, 1.9854597e-6
-0.398, 1.4048514e-6, 1.8935234e-6
-0.399, 1.4663456e-6, 1.8984379e-6
-0.400, 1.4180771e-6, 1.8740313e-6
-0.401, 1.4630805e-6, 1.8776757e-6
-0.402, 1.4406364e-6, 1.9380980e-6
-0.403, 1.4330672e-6, 1.8903407e-6
-0.404, 1.4672362e-6, 1.9478441e-6
-0.405, 1.4218369e-6, 1.9333156e-6
-0.406, 1.4622065e-6, 1.9221020e-6
-0.407, 1.4247064e-6, 1.9169238e-6
-0.408, 1.4537961e-6, 1.8581342e-6
-0.409, 1.4561214e-6, 1.9153076e-6
-0.410, 1.4244920e-6, 1.9057102e-6
-0.411, 1.4563027e-6, 1.9103607e-6
-0.412, 1.4247395e-6, 1.9638733e-6
-0.413, 1.4715403e-6, 1.9409511e-6
-0.414, 1.4386080e-6, 1.9195129e-6
-0.415, 1.4495745e-6, 1.8858387e-6
-0.416, 1.4637236e-6, 1.8894502e-6
-0.417, 1.4221339e-6, 1.9347174e-6
-0.418, 1.4560059e-6, 1.9312545e-6
-0.419, 1.4317809e-6, 1.9455024e-6
-0.420, 1.4554289e-6, 1.9713600e-6
-0.421, 1.4607058e-6, 1.9373724e-6
-0.422, 1.4416754e-6, 1.9084805e-6
-0.423, 1.4631794e-6, 1.8800010e-6
-0.424, 1.4252836e-6, 1.8743445e-6
-0.425, 1.4684235e-6, 1.9451561e-6
-0.426, 1.4323087e-6, 1.9282199e-6
-0.427, 1.4471833e-6, 1.9324416e-6
-0.428, 1.4745581e-6, 1.9760269e-6
-0.429, 1.4391522e-6, 1.9031870e-6
-0.430, 1.4831332e-6, 1.9472670e-6
-0.431, 1.4347493e-6, 1.8791600e-6
-0.432, 1.4675991e-6, 1.9124550e-6
-0.433, 1.4644163e-6, 1.9600473e-6
-0.434, 1.4482223e-6, 1.9244435e-6
-0.435, 1.4723978e-6, 2.0047869e-6
-0.436, 1.4356398e-6, 1.9464260e-6
-0.437, 1.4887567e-6, 1.9421382e-6
-0.438, 1.4576385e-6, 1.9323593e-6
-0.439, 1.4507124e-6, 1.8665610e-6
-0.440, 1.4888556e-6, 1.9709312e-6
-0.441, 1.4391359e-6, 1.9021481e-6
-0.442, 1.4796208e-6, 1.9591898e-6
-0.443, 1.4250858e-6, 1.9693812e-6
-0.444, 1.4723482e-6, 1.9398294e-6
-0.445, 1.4735851e-6, 1.9443974e-6
-0.446, 1.4537302e-6, 1.8851956e-6
-0.447, 1.4935225e-6, 1.9100307e-6
-0.448, 1.4384761e-6, 1.9603112e-6
-0.449, 1.4835291e-6, 1.9498229e-6
-0.450, 1.4583476e-6, 1.9487841e-6
-0.451, 1.4815502e-6, 1.9646482e-6
-0.452, 1.4810225e-6, 1.9711292e-6
-0.453, 1.4541258e-6, 1.9282202e-6
-0.454, 1.4886742e-6, 1.8823757e-6
-0.455, 1.4427968e-6, 1.9115314e-6
-0.456, 1.4724474e-6, 1.9729762e-6
-0.457, 1.4794228e-6, 1.9574088e-6
-0.458, 1.4545549e-6, 1.9789459e-6
-0.459, 1.4928958e-6, 1.9698759e-6
-0.460, 1.4455508e-6, 1.9249053e-6
-0.461, 1.4930442e-6, 1.9614490e-6
-0.462, 1.4515534e-6, 1.8918414e-6
-0.463, 1.4838753e-6, 1.9411818e-6
-0.464, 1.4847988e-6, 1.9819142e-6
-0.465, 1.4482223e-6, 1.9672373e-6
-0.466, 1.5018999e-6, 1.9942822e-6
-0.467, 1.4434070e-6, 1.9365148e-6
-0.468, 1.5006300e-6, 1.9729266e-6
-0.469, 1.4741129e-6, 1.9361851e-6
-0.470, 1.4707982e-6, 1.8836454e-6
-0.471, 1.5007786e-6, 1.9817326e-6
-0.472, 1.4569955e-6, 1.9724321e-6
-0.473, 1.5100957e-6, 1.9955191e-6
-0.474, 1.4514379e-6, 2.0029233e-6
-0.475, 1.5035159e-6, 1.9555455e-6
-0.476, 1.5022626e-6, 1.9916438e-6
-0.477, 1.4736675e-6, 1.9153572e-6
-0.478, 1.4975134e-6, 1.9401100e-6
-0.479, 1.4488653e-6, 1.9806280e-6
-0.480, 1.4994097e-6, 1.9789127e-6
-0.481, 1.4702046e-6, 2.0206180e-6
-0.482, 1.4742448e-6, 1.9525769e-6
-0.483, 1.4888885e-6, 1.9814361e-6
-0.484, 1.4397954e-6, 1.9746087e-6
-0.485, 1.4967218e-6, 1.9251199e-6
-0.486, 1.4677310e-6, 1.9199581e-6
-0.487, 1.4852936e-6, 1.9863501e-6
-0.488, 1.4941327e-6, 2.0017690e-6
-0.489, 1.4839413e-6, 1.9917261e-6
-0.490, 1.5041096e-6, 2.0053310e-6
-0.491, 1.4675990e-6, 1.9763734e-6
-0.492, 1.5143999e-6, 1.9696120e-6
-0.493, 1.4867777e-6, 1.9489985e-6
-0.494, 1.4881466e-6, 1.9867459e-6
-0.495, 1.4995911e-6, 2.0260600e-6
-0.496, 1.4839743e-6, 1.9949584e-6
-0.497, 1.5186050e-6, 2.0383950e-6
-0.498, 1.4722165e-6, 1.9922209e-6
-0.499, 1.5114480e-6, 1.9843878e-6
-0.500, 1.5135258e-6, 2.0295727e-6
