Dec. 21, 2005   06:02:49
Square Wave Voltammetry
File: d:\ida_biofilms\12_10_18_dphzstar\a_760b\75um_pyo\a_75um_pyo_swvfast_1_5.txt
Data Source:  Experiment
Instrument Model:  CHI760E
Header: 
Note: 

Init E (V) = 0.1
Final E (V) = -0.5
Incr E (V) = 0.001
Amplitude (V) = 0.025
Frequency (Hz) = 300
Quiet Time (sec) = 2
Sensitivity (A/V) = 1e-6
Sens 2 (A/V) = 1e-6

Potential/V, i1/A, i2/A

0.099, 1.5171374e-6, 1.8225139e-6
0.098, 1.4938194e-6, 1.9325078e-6
0.097, 1.4602110e-6, 1.8943315e-6
0.096, 1.5056926e-6, 1.9340414e-6
0.095, 1.4601947e-6, 1.9864819e-6
0.094, 1.4986510e-6, 1.9894176e-6
0.093, 1.5149606e-6, 2.0584314e-6
0.092, 1.4791425e-6, 1.9631145e-6
0.091, 1.5138886e-6, 1.9862346e-6
0.090, 1.4610191e-6, 1.9738172e-6
0.089, 1.5192317e-6, 1.9566007e-6
0.088, 1.4883278e-6, 2.0139887e-6
0.087, 1.4858542e-6, 1.9716240e-6
0.086, 1.5049670e-6, 2.0468219e-6
0.085, 1.4646306e-6, 2.0144009e-6
0.084, 1.5069625e-6, 1.9946945e-6
0.083, 1.4744262e-6, 1.9997242e-6
0.082, 1.5025100e-6, 1.9381309e-6
0.081, 1.5070615e-6, 2.0160501e-6
0.080, 1.4824573e-6, 1.9805454e-6
0.079, 1.4968207e-6, 1.9861852e-6
0.078, 1.4648945e-6, 2.0429466e-6
0.077, 1.5012072e-6, 2.0231082e-6
0.076, 1.4868438e-6, 2.0051993e-6
0.075, 1.4895647e-6, 1.9798199e-6
0.074, 1.5106730e-6, 1.9731410e-6
0.073, 1.4665271e-6, 2.0031543e-6
0.072, 1.4999870e-6, 1.9979598e-6
0.071, 1.4632453e-6, 2.0070461e-6
0.070, 1.4954026e-6, 2.0143846e-6
0.069, 1.4940501e-6, 2.0172704e-6
0.068, 1.4747395e-6, 1.9654894e-6
0.067, 1.4966722e-6, 1.9453209e-6
0.066, 1.4592877e-6, 1.9547044e-6
0.065, 1.4995582e-6, 1.9932927e-6
0.064, 1.4595844e-6, 2.0014559e-6
0.063, 1.4655541e-6, 2.0190844e-6
0.062, 1.4966228e-6, 2.0322111e-6
0.061, 1.4590568e-6, 1.9503836e-6
0.060, 1.4958641e-6, 1.9794734e-6
0.059, 1.4390039e-6, 1.9151923e-6
0.058, 1.4840568e-6, 1.9890545e-6
0.057, 1.4733872e-6, 1.9815184e-6
0.056, 1.4613984e-6, 1.9693482e-6
0.055, 1.4858872e-6, 2.0126035e-6
0.054, 1.4424174e-6, 1.9643678e-6
0.053, 1.4958642e-6, 1.9854926e-6
0.052, 1.4570119e-6, 1.9144172e-6
0.051, 1.4783675e-6, 1.9426166e-6
0.050, 1.4768503e-6, 2.0124055e-6
0.049, 1.4496570e-6, 1.9680456e-6
0.048, 1.4862666e-6, 1.9920067e-6
0.047, 1.4397790e-6, 1.9651925e-6
0.046, 1.4832817e-6, 1.9720196e-6
0.045, 1.4646967e-6, 1.9744932e-6
0.044, 1.4545053e-6, 1.8975968e-6
0.043, 1.4932093e-6, 1.9736192e-6
0.042, 1.4216886e-6, 1.9587280e-6
0.041, 1.4794723e-6, 1.9966403e-6
0.040, 1.4357058e-6, 1.9637578e-6
0.039, 1.4540931e-6, 1.9309741e-6
0.038, 1.4768009e-6, 1.9680124e-6
0.037, 1.4330508e-6, 1.8913796e-6
0.036, 1.4708642e-6, 1.8987345e-6
0.035, 1.4180441e-6, 1.9638896e-6
0.034, 1.4625198e-6, 1.9639556e-6
0.033, 1.4290270e-6, 2.0116800e-6
0.032, 1.4404386e-6, 1.9110366e-6
0.031, 1.4708971e-6, 1.9514061e-6
0.030, 1.4252175e-6, 1.9234049e-6
0.029, 1.4640370e-6, 1.8992127e-6
0.028, 1.4149769e-6, 1.9602619e-6
0.027, 1.4561379e-6, 1.9421382e-6
0.026, 1.4490138e-6, 1.9944307e-6
0.025, 1.4325560e-6, 1.9587610e-6
0.024, 1.4506794e-6, 1.9387905e-6
0.023, 1.4163620e-6, 1.9397967e-6
0.022, 1.4615139e-6, 1.8817819e-6
0.021, 1.4332156e-6, 1.9331178e-6
0.020, 1.4318964e-6, 1.9202880e-6
0.019, 1.4459300e-6, 1.9573592e-6
0.018, 1.4084135e-6, 1.9803806e-6
0.017, 1.4670218e-6, 1.9507136e-6
0.016, 1.4197592e-6, 1.9201725e-6
0.015, 1.4442974e-6, 1.9296547e-6
0.014, 1.4347328e-6, 1.9159013e-6
0.013, 1.4341061e-6, 1.9297040e-6
0.012, 1.4381629e-6, 1.9343877e-6
0.011, 1.4078363e-6, 1.9462609e-6
0.010, 1.4546868e-6, 1.9772801e-6
0.009, 1.4218699e-6, 1.9327219e-6
0.008, 1.4171042e-6, 1.9230586e-6
0.007, 1.4493932e-6, 1.9141369e-6
0.006, 1.4171371e-6, 1.8761752e-6
0.005, 1.4469031e-6, 1.9348495e-6
0.004, 1.3868271e-6, 1.9376364e-6
0.003, 1.4429452e-6, 1.9416104e-6
0.002, 1.4397460e-6, 1.9477122e-6
0.001, 1.4191489e-6, 1.8906541e-6
-0.000, 1.4481399e-6, 1.9450076e-6
-0.001, 1.3965896e-6, 1.8711949e-6
-0.002, 1.4517514e-6, 1.9074250e-6
-0.003, 1.4079518e-6, 1.9113832e-6
-0.004, 1.4293073e-6, 1.9241797e-6
-0.005, 1.4424834e-6, 1.9957333e-6
-0.006, 1.4073087e-6, 1.9079198e-6
-0.007, 1.4445119e-6, 1.9102122e-6
-0.008, 1.3981232e-6, 1.9008289e-6
-0.009, 1.4254319e-6, 1.8893347e-6
-0.010, 1.4229748e-6, 1.9237345e-6
-0.011, 1.4055606e-6, 1.8781211e-6
-0.012, 1.4426319e-6, 1.9461127e-6
-0.013, 1.3922360e-6, 1.9306608e-6
-0.014, 1.4237169e-6, 1.9160827e-6
-0.015, 1.4014379e-6, 1.8907695e-6
-0.016, 1.4286147e-6, 1.8628175e-6
-0.017, 1.4273944e-6, 1.8947933e-6
-0.018, 1.3809728e-6, 1.9104430e-6
-0.019, 1.4278726e-6, 1.8974811e-6
-0.020, 1.3908343e-6, 1.9512247e-6
-0.021, 1.4235850e-6, 1.9273295e-6
-0.022, 1.4162301e-6, 1.9093216e-6
-0.023, 1.4091390e-6, 1.8916764e-6
-0.024, 1.4382618e-6, 1.8668084e-6
-0.025, 1.3884431e-6, 1.8837443e-6
-0.026, 1.4159333e-6, 1.9110366e-6
-0.027, 1.3853758e-6, 1.9213928e-6
-0.028, 1.4187531e-6, 1.9362676e-6
-0.029, 1.4217051e-6, 1.9451068e-6
-0.030, 1.4005968e-6, 1.8876033e-6
-0.031, 1.4225955e-6, 1.8461783e-6
-0.032, 1.3673844e-6, 1.8492785e-6
-0.033, 1.4237169e-6, 1.9104100e-6
-0.034, 1.3876351e-6, 1.9011586e-6
-0.035, 1.3962103e-6, 1.8867456e-6
-0.036, 1.4150098e-6, 1.9440347e-6
-0.037, 1.3806430e-6, 1.8842720e-6
-0.038, 1.4292908e-6, 1.8995756e-6
-0.039, 1.3790104e-6, 1.8407695e-6
-0.040, 1.4159498e-6, 1.8547041e-6
-0.041, 1.4126516e-6, 1.9273789e-6
-0.042, 1.3950723e-6, 1.8847503e-6
-0.043, 1.4081002e-6, 1.9381805e-6
-0.044, 1.3736179e-6, 1.9022470e-6
-0.045, 1.4212433e-6, 1.8876362e-6
-0.046, 1.3935883e-6, 1.8995427e-6
-0.047, 1.3963917e-6, 1.8427647e-6
-0.048, 1.4118107e-6, 1.9153076e-6
-0.049, 1.3688685e-6, 1.8887906e-6
-0.050, 1.4195778e-6, 1.9097834e-6
-0.051, 1.3822262e-6, 1.9371580e-6
-0.052, 1.4077044e-6, 1.8997733e-6
-0.053, 1.4139874e-6, 1.9143019e-6
-0.054, 1.3861509e-6, 1.8235529e-6
-0.055, 1.4152406e-6, 1.8490971e-6
-0.056, 1.3739642e-6, 1.8798526e-6
-0.057, 1.4103923e-6, 1.8888400e-6
-0.058, 1.3780539e-6, 1.9167919e-6
-0.059, 1.3832156e-6, 1.8990147e-6
-0.060, 1.4180276e-6, 1.9057267e-6
-0.061, 1.3777076e-6, 1.8579858e-6
-0.062, 1.4128000e-6, 1.8293906e-6
-0.063, 1.3633771e-6, 1.8526592e-6
-0.064, 1.3996898e-6, 1.8965083e-6
-0.065, 1.4061377e-6, 1.9137906e-6
-0.066, 1.3868436e-6, 1.8986520e-6
-0.067, 1.4161642e-6, 1.9113995e-6
-0.068, 1.3745414e-6, 1.8797534e-6
-0.069, 1.4149769e-6, 1.8999383e-6
-0.070, 1.3771305e-6, 1.8279725e-6
-0.071, 1.4095679e-6, 1.8766862e-6
-0.072, 1.4082980e-6, 1.9142853e-6
-0.073, 1.3743929e-6, 1.8858387e-6
-0.074, 1.4129979e-6, 1.9060235e-6
-0.075, 1.3674669e-6, 1.8510101e-6
-0.076, 1.4049504e-6, 1.8927979e-6
-0.077, 1.3997558e-6, 1.8404725e-6
-0.078, 1.3810552e-6, 1.8133617e-6
-0.079, 1.4130309e-6, 1.8902088e-6
-0.080, 1.3575559e-6, 1.8763399e-6
-0.081, 1.4092875e-6, 1.9009773e-6
-0.082, 1.3692973e-6, 1.8964423e-6
-0.083, 1.4046536e-6, 1.8565180e-6
-0.084, 1.4105078e-6, 1.8891699e-6
-0.085, 1.3643996e-6, 1.8172865e-6
-0.086, 1.4202044e-6, 1.8653241e-6
-0.087, 1.3592049e-6, 1.8703045e-6
-0.088, 1.4081496e-6, 1.9023790e-6
-0.089, 1.3828197e-6, 1.9275935e-6
-0.090, 1.3856231e-6, 1.8613828e-6
-0.091, 1.4125857e-6, 1.8823922e-6
-0.092, 1.3692148e-6, 1.8267191e-6
-0.093, 1.4107056e-6, 1.8434409e-6
-0.094, 1.3608045e-6, 1.8877516e-6
-0.095, 1.3885585e-6, 1.8667588e-6
-0.096, 1.4022623e-6, 1.9231243e-6
-0.097, 1.3818633e-6, 1.8706672e-6
-0.098, 1.4079683e-6, 1.8565015e-6
-0.099, 1.3681758e-6, 1.8597832e-6
-0.100, 1.4033508e-6, 1.8449415e-6
-0.101, 1.3819127e-6, 1.8766863e-6
-0.102, 1.3886904e-6, 1.8481242e-6
-0.103, 1.3978099e-6, 1.9151264e-6
-0.104, 1.3654879e-6, 1.9180782e-6
-0.105, 1.4064676e-6, 1.8954859e-6
-0.106, 1.3764379e-6, 1.8563037e-6
-0.107, 1.3917578e-6, 1.8670721e-6
-0.108, 1.4000361e-6, 1.8569633e-6
-0.109, 1.3869590e-6, 1.8631473e-6
-0.110, 1.4002341e-6, 1.8722667e-6
-0.111, 1.3746733e-6, 1.9203706e-6
-0.112, 1.3975625e-6, 1.9030551e-6
-0.113, 1.3848480e-6, 1.8690016e-6
-0.114, 1.3876845e-6, 1.8532363e-6
-0.115, 1.4136576e-6, 1.8455515e-6
-0.116, 1.3796041e-6, 1.8459144e-6
-0.117, 1.4115467e-6, 1.8750206e-6
-0.118, 1.3612663e-6, 1.8834969e-6
-0.119, 1.4074900e-6, 1.9142360e-6
-0.120, 1.3991291e-6, 1.8828539e-6
-0.121, 1.3910652e-6, 1.8526921e-6
-0.122, 1.4189181e-6, 1.8689027e-6
-0.123, 1.3717544e-6, 1.8277251e-6
-0.124, 1.4290929e-6, 1.8929957e-6
-0.125, 1.3790104e-6, 1.8704692e-6
-0.126, 1.4042084e-6, 1.8768677e-6
-0.127, 1.4163124e-6, 1.9256311e-6
-0.128, 1.3821436e-6, 1.8496251e-6
-0.129, 1.4236510e-6, 1.8756639e-6
-0.130, 1.3769820e-6, 1.8059243e-6
-0.131, 1.4078198e-6, 1.8826888e-6
-0.132, 1.4088422e-6, 1.8693974e-6
-0.133, 1.3891522e-6, 1.8645819e-6
-0.134, 1.4191655e-6, 1.9385598e-6
-0.135, 1.3801482e-6, 1.8448756e-6
-0.136, 1.4210949e-6, 1.8718381e-6
-0.137, 1.3875856e-6, 1.8121577e-6
-0.138, 1.4274603e-6, 1.8238003e-6
-0.139, 1.4149439e-6, 1.9007134e-6
-0.140, 1.3813356e-6, 1.8711124e-6
-0.141, 1.4337929e-6, 1.8995261e-6
-0.142, 1.3775757e-6, 1.8895821e-6
-0.143, 1.4187697e-6, 1.8820954e-6
-0.144, 1.4056595e-6, 1.8848823e-6
-0.145, 1.3929287e-6, 1.7974646e-6
-0.146, 1.4381628e-6, 1.8961618e-6
-0.147, 1.3740962e-6, 1.8569469e-6
-0.148, 1.4274603e-6, 1.9073098e-6
-0.149, 1.3817644e-6, 1.8922042e-6
-0.150, 1.4055771e-6, 1.8669897e-6
-0.151, 1.4305936e-6, 1.8995590e-6
-0.152, 1.3883111e-6, 1.8121412e-6
-0.153, 1.4271305e-6, 1.8477944e-6
-0.154, 1.3713423e-6, 1.8748888e-6
-0.155, 1.4245250e-6, 1.8946944e-6
-0.156, 1.4000032e-6, 1.9327385e-6
-0.157, 1.3965731e-6, 1.8380813e-6
-0.158, 1.4301813e-6, 1.9022141e-6
-0.159, 1.3923185e-6, 1.8552812e-6
-0.160, 1.4198416e-6, 1.8494106e-6
-0.161, 1.3826219e-6, 1.8674515e-6
-0.162, 1.4124702e-6, 1.8687213e-6
-0.163, 1.4220680e-6, 1.9319471e-6
-0.164, 1.4110026e-6, 1.8851790e-6
-0.165, 1.4194623e-6, 1.8769172e-6
-0.166, 1.3951054e-6, 1.8799844e-6
-0.167, 1.4273448e-6, 1.8392523e-6
-0.168, 1.4065830e-6, 1.9008783e-6
-0.169, 1.4078857e-6, 1.8747074e-6
-0.170, 1.4293073e-6, 1.9289787e-6
-0.171, 1.3850130e-6, 1.8976460e-6
-0.172, 1.4483212e-6, 1.8794567e-6
-0.173, 1.3984695e-6, 1.8654725e-6
-0.174, 1.4260916e-6, 1.8283683e-6
-0.175, 1.4353759e-6, 1.9179627e-6
-0.176, 1.4096998e-6, 1.8729263e-6
-0.177, 1.4415600e-6, 1.9135268e-6
-0.178, 1.4017842e-6, 1.9301990e-6
-0.179, 1.4510422e-6, 1.9051165e-6
-0.180, 1.4153891e-6, 1.8951066e-6
-0.181, 1.4209959e-6, 1.8514718e-6
-0.182, 1.4543898e-6, 1.9067820e-6
-0.183, 1.4145480e-6, 1.8704693e-6
-0.184, 1.4501022e-6, 1.8929463e-6
-0.185, 1.3973151e-6, 1.9240315e-6
-0.186, 1.4342050e-6, 1.9231243e-6
-0.187, 1.4457651e-6, 1.9020821e-6
-0.188, 1.4309069e-6, 1.8662312e-6
-0.189, 1.4601451e-6, 1.8641533e-6
-0.190, 1.4186872e-6, 1.9121910e-6
-0.191, 1.4593370e-6, 1.9143679e-6
-0.192, 1.4241951e-6, 1.9158024e-6
-0.193, 1.4569295e-6, 1.9243118e-6
-0.194, 1.4674340e-6, 1.9280883e-6
-0.195, 1.4372229e-6, 1.8887082e-6
-0.196, 1.4682256e-6, 1.8527417e-6
-0.197, 1.4411642e-6, 1.9009938e-6
-0.198, 1.4589908e-6, 1.9273295e-6
-0.199, 1.4667085e-6, 1.9181111e-6
-0.200, 1.4477935e-6, 1.9177978e-6
-0.201, 1.4903562e-6, 1.8986520e-6
-0.202, 1.4312532e-6, 1.9137410e-6
-0.203, 1.4711609e-6, 1.8779066e-6
-0.204, 1.4447758e-6, 1.9131805e-6
-0.205, 1.4643338e-6, 1.9145821e-6
-0.206, 1.4837601e-6, 1.9658851e-6
-0.207, 1.4483871e-6, 1.9603112e-6
-0.208, 1.4931763e-6, 1.9030057e-6
-0.209, 1.4494426e-6, 1.9206507e-6
-0.210, 1.5022791e-6, 1.8933090e-6
-0.211, 1.4832651e-6, 1.9313368e-6
-0.212, 1.4737170e-6, 1.9216402e-6
-0.213, 1.5098649e-6, 1.9677980e-6
-0.214, 1.4737500e-6, 1.9773956e-6
-0.215, 1.5149112e-6, 1.9738172e-6
-0.216, 1.4739974e-6, 1.9453046e-6
-0.217, 1.5011412e-6, 1.9123395e-6
-0.218, 1.5161972e-6, 1.9439028e-6
-0.219, 1.4980244e-6, 1.9416932e-6
-0.220, 1.5200233e-6, 1.9640875e-6
-0.221, 1.4902407e-6, 2.0038303e-6
-0.222, 1.5357060e-6, 1.9714096e-6
-0.223, 1.5170549e-6, 1.9905553e-6
-0.224, 1.5206665e-6, 1.9288466e-6
-0.225, 1.5405873e-6, 1.9574418e-6
-0.226, 1.5026749e-6, 1.9930126e-6
-0.227, 1.5538294e-6, 1.9972672e-6
-0.228, 1.5266689e-6, 2.0264392e-6
-0.229, 1.5533180e-6, 2.0090908e-6
-0.230, 1.5714251e-6, 2.0260104e-6
-0.231, 1.5562371e-6, 1.9834972e-6
-0.232, 1.5751355e-6, 1.9704200e-6
-0.233, 1.5540932e-6, 2.0216405e-6
-0.234, 1.5895814e-6, 2.0356576e-6
-0.235, 1.5747066e-6, 2.0703872e-6
-0.236, 1.5837272e-6, 2.0441007e-6
-0.237, 1.6243605e-6, 2.0637581e-6
-0.238, 1.5900762e-6, 2.0182267e-6
-0.239, 1.6242616e-6, 2.0007797e-6
-0.240, 1.5820285e-6, 2.0594209e-6
-0.241, 1.6188856e-6, 2.0721848e-6
-0.242, 1.6343375e-6, 2.1260932e-6
-0.243, 1.6221672e-6, 2.0676168e-6
-0.244, 1.6556271e-6, 2.0871914e-6
-0.245, 1.6079687e-6, 2.0799025e-6
-0.246, 1.6731733e-6, 2.0548860e-6
-0.247, 1.6502181e-6, 2.0976631e-6
-0.248, 1.6490637e-6, 2.0878181e-6
-0.249, 1.6898455e-6, 2.1576072e-6
-0.250, 1.6556436e-6, 2.1032040e-6
-0.251, 1.6965903e-6, 2.1143517e-6
-0.252, 1.6583315e-6, 2.0803805e-6
-0.253, 1.6922037e-6, 2.0898960e-6
-0.254, 1.7000534e-6, 2.1467890e-6
-0.255, 1.6852446e-6, 2.0944474e-6
-0.256, 1.7220356e-6, 2.2046058e-6
-0.257, 1.6839583e-6, 2.1520664e-6
-0.258, 1.7349810e-6, 2.1569310e-6
-0.259, 1.7044234e-6, 2.1431777e-6
-0.260, 1.7285163e-6, 2.1034184e-6
-0.261, 1.7499710e-6, 2.1931282e-6
-0.262, 1.7032360e-6, 2.1656876e-6
-0.263, 1.7419895e-6, 2.1735373e-6
-0.264, 1.7056107e-6, 2.1725477e-6
-0.265, 1.7513892e-6, 2.1811561e-6
-0.266, 1.7506966e-6, 2.1655062e-6
-0.267, 1.7219202e-6, 2.1007138e-6
-0.268, 1.7665936e-6, 2.2080690e-6
-0.269, 1.7213924e-6, 2.1733063e-6
-0.270, 1.7636419e-6, 2.2007637e-6
-0.271, 1.7198258e-6, 2.1974161e-6
-0.272, 1.7450072e-6, 2.1707667e-6
-0.273, 1.7674677e-6, 2.2159350e-6
-0.274, 1.7292750e-6, 2.1143846e-6
-0.275, 1.7629987e-6, 2.1737021e-6
-0.276, 1.7085296e-6, 2.1652259e-6
-0.277, 1.7591728e-6, 2.2116474e-6
-0.278, 1.7221015e-6, 2.2019178e-6
-0.279, 1.7303964e-6, 2.1327392e-6
-0.280, 1.7381141e-6, 2.1630326e-6
-0.281, 1.7014879e-6, 2.1090582e-6
-0.282, 1.7464585e-6, 2.1844871e-6
-0.283, 1.6866628e-6, 2.1537649e-6
-0.284, 1.7217224e-6, 2.1812384e-6
-0.285, 1.7225303e-6, 2.2033528e-6
-0.286, 1.7164123e-6, 2.1337944e-6
-0.287, 1.7217058e-6, 2.1410999e-6
-0.288, 1.6751028e-6, 2.0854930e-6
-0.289, 1.7108218e-6, 2.1393023e-6
-0.290, 1.6890540e-6, 2.1470530e-6
-0.291, 1.7003335e-6, 2.1388901e-6
-0.292, 1.6935064e-6, 2.1670071e-6
-0.293, 1.6493275e-6, 2.1237349e-6
-0.294, 1.6966397e-6, 2.0966736e-6
-0.295, 1.6491463e-6, 2.0500211e-6
-0.296, 1.6766859e-6, 2.1030555e-6
-0.297, 1.6668243e-6, 2.1232404e-6
-0.298, 1.6394167e-6, 2.0930293e-6
-0.299, 1.6570123e-6, 2.1121091e-6
-0.300, 1.6111184e-6, 2.0745429e-6
-0.301, 1.6561384e-6, 2.0829202e-6
-0.302, 1.6091890e-6, 2.0175507e-6
-0.303, 1.6061218e-6, 2.0675013e-6
-0.304, 1.6332161e-6, 2.0882799e-6
-0.305, 1.5958151e-6, 2.0487678e-6
-0.306, 1.6214747e-6, 2.0629996e-6
-0.307, 1.5603598e-6, 2.0209477e-6
-0.308, 1.6007622e-6, 2.0151101e-6
-0.309, 1.6037964e-6, 1.9960469e-6
-0.310, 1.5814679e-6, 2.0050670e-6
-0.311, 1.5955015e-6, 2.0394011e-6
-0.312, 1.5496903e-6, 2.0423365e-6
-0.313, 1.5766527e-6, 2.0491141e-6
-0.314, 1.5547694e-6, 1.9897143e-6
-0.315, 1.5688360e-6, 1.9886259e-6
-0.316, 1.5723979e-6, 1.9849979e-6
-0.317, 1.5408345e-6, 1.9774452e-6
-0.318, 1.5550003e-6, 1.9723166e-6
-0.319, 1.5157027e-6, 1.9971517e-6
-0.320, 1.5445451e-6, 2.0128673e-6
-0.321, 1.5392845e-6, 1.9787149e-6
-0.322, 1.5215569e-6, 1.9193976e-6
-0.323, 1.5489975e-6, 1.9038797e-6
-0.324, 1.5010919e-6, 1.9680454e-6
-0.325, 1.5174012e-6, 1.9536324e-6
-0.326, 1.4876352e-6, 1.9717888e-6
-0.327, 1.5133445e-6, 1.9687709e-6
-0.328, 1.5219362e-6, 1.9602287e-6
-0.329, 1.4795878e-6, 1.9342556e-6
-0.330, 1.5199737e-6, 1.8789785e-6
-0.331, 1.4729750e-6, 1.9400438e-6
-0.332, 1.5015536e-6, 1.9439688e-6
-0.333, 1.4810720e-6, 1.9632137e-6
-0.334, 1.4691821e-6, 1.9140709e-6
-0.335, 1.5127837e-6, 1.9418414e-6
-0.336, 1.4594690e-6, 1.8973162e-6
-0.337, 1.5097494e-6, 1.8827054e-6
-0.338, 1.4592216e-6, 1.9266536e-6
-0.339, 1.4771637e-6, 1.9127847e-6
-0.340, 1.4911149e-6, 1.9551001e-6
-0.341, 1.4577870e-6, 1.9176000e-6
-0.342, 1.4871076e-6, 1.9082991e-6
-0.343, 1.4294558e-6, 1.9056112e-6
-0.344, 1.4827540e-6, 1.8835135e-6
-0.345, 1.4565171e-6, 1.9339755e-6
-0.346, 1.4545876e-6, 1.8799350e-6
-0.347, 1.4692481e-6, 1.9646318e-6
-0.348, 1.4333145e-6, 1.9072768e-6
-0.349, 1.4819955e-6, 1.9026099e-6
-0.350, 1.4344524e-6, 1.8617291e-6
-0.351, 1.4644986e-6, 1.8523624e-6
-0.352, 1.4586940e-6, 1.9470031e-6
-0.353, 1.4421206e-6, 1.8940018e-6
-0.354, 1.4639215e-6, 1.9513895e-6
-0.355, 1.4284333e-6, 1.9102449e-6
-0.356, 1.4718865e-6, 1.9009442e-6
-0.357, 1.4366292e-6, 1.8615146e-6
-0.358, 1.4438853e-6, 1.8406374e-6
-0.359, 1.4623714e-6, 1.9278077e-6
-0.360, 1.4181430e-6, 1.8920226e-6
-0.361, 1.4635588e-6, 1.9534509e-6
-0.362, 1.4160653e-6, 1.8814851e-6
-0.363, 1.4501023e-6, 1.9063533e-6
-0.364, 1.4559399e-6, 1.9053474e-6
-0.365, 1.4384432e-6, 1.8258946e-6
-0.366, 1.4678957e-6, 1.9228276e-6
-0.367, 1.4119589e-6, 1.9057761e-6
-0.368, 1.4728430e-6, 1.9384443e-6
-0.369, 1.4391853e-6, 1.9012082e-6
-0.370, 1.4510092e-6, 1.8753011e-6
-0.371, 1.4704849e-6, 1.8609046e-6
-0.372, 1.4295877e-6, 1.8184409e-6
-0.373, 1.4622725e-6, 1.9040281e-6
-0.374, 1.4146634e-6, 1.8911817e-6
-0.375, 1.4482223e-6, 1.9568151e-6
-0.376, 1.4539941e-6, 1.8884607e-6
-0.377, 1.4355244e-6, 1.8561717e-6
-0.378, 1.4629816e-6, 1.8659673e-6
-0.379, 1.4215237e-6, 1.8556771e-6
-0.380, 1.4529717e-6, 1.8965413e-6
-0.381, 1.4207156e-6, 1.9087774e-6
-0.382, 1.4626518e-6, 1.9381639e-6
-0.383, 1.4608872e-6, 1.8996909e-6
-0.384, 1.4273613e-6, 1.8934574e-6
-0.385, 1.4604585e-6, 1.8227120e-6
-0.386, 1.4256959e-6, 1.8592885e-6
-0.387, 1.4498219e-6, 1.9160004e-6
-0.388, 1.4462598e-6, 1.9311390e-6
-0.389, 1.4358706e-6, 1.9166764e-6
-0.390, 1.4681432e-6, 1.8982892e-6
-0.391, 1.4269657e-6, 1.8734705e-6
-0.392, 1.4651748e-6, 1.8427316e-6
-0.393, 1.4364643e-6, 1.8857397e-6
-0.394, 1.4427803e-6, 1.8890379e-6
-0.395, 1.4650263e-6, 1.9534509e-6
-0.396, 1.4376352e-6, 1.8999713e-6
-0.397, 1.4600298e-6, 1.8872074e-6
-0.398, 1.4146306e-6, 1.8936223e-6
-0.399, 1.4718867e-6, 1.8525108e-6
-0.400, 1.4451714e-6, 1.9100471e-6
-0.401, 1.4356563e-6, 1.8654396e-6
-0.402, 1.4592547e-6, 1.9267522e-6
-0.403, 1.4171701e-6, 1.9205518e-6
-0.404, 1.4649274e-6, 1.9031211e-6
-0.405, 1.4335785e-6, 1.8773294e-6
-0.406, 1.4560225e-6, 1.8500207e-6
-0.407, 1.4717216e-6, 1.9387576e-6
-0.408, 1.4340237e-6, 1.8795063e-6
-0.409, 1.4624374e-6, 1.9465083e-6
-0.410, 1.4225955e-6, 1.9151594e-6
-0.411, 1.4656530e-6, 1.9083652e-6
-0.412, 1.4542579e-6, 1.9057265e-6
-0.413, 1.4491128e-6, 1.8393182e-6
-0.414, 1.4686378e-6, 1.9294239e-6
-0.415, 1.4291260e-6, 1.9077386e-6
-0.416, 1.4896307e-6, 1.9225968e-6
-0.417, 1.4227604e-6, 1.9113995e-6
-0.418, 1.4748714e-6, 1.8990314e-6
-0.419, 1.4697758e-6, 1.9324086e-6
-0.420, 1.4525758e-6, 1.8481574e-6
-0.421, 1.4762236e-6, 1.9274121e-6
-0.422, 1.4283014e-6, 1.9097008e-6
-0.423, 1.4780212e-6, 1.9557103e-6
-0.424, 1.4461115e-6, 1.9429629e-6
-0.425, 1.4545712e-6, 1.9026429e-6
-0.426, 1.4817809e-6, 1.8924516e-6
-0.427, 1.4483542e-6, 1.8408847e-6
-0.428, 1.4770646e-6, 1.9219042e-6
-0.429, 1.4227770e-6, 1.9142194e-6
-0.430, 1.4709301e-6, 1.9728773e-6
-0.431, 1.4713589e-6, 1.9662809e-6
-0.432, 1.4484697e-6, 1.8849153e-6
-0.433, 1.4838424e-6, 1.8912807e-6
-0.434, 1.4462764e-6, 1.8941995e-6
-0.435, 1.4813359e-6, 1.9404893e-6
-0.436, 1.4587104e-6, 1.9267029e-6
-0.437, 1.4838258e-6, 1.9553968e-6
-0.438, 1.4821109e-6, 1.9420888e-6
-0.439, 1.4459466e-6, 1.8983387e-6
-0.440, 1.4861016e-6, 1.8519829e-6
-0.441, 1.4556431e-6, 1.9226297e-6
-0.442, 1.4779223e-6, 1.9420227e-6
-0.443, 1.4733047e-6, 1.9555619e-6
-0.444, 1.4612499e-6, 1.9277088e-6
-0.445, 1.4992778e-6, 1.9186718e-6
-0.446, 1.4484531e-6, 1.9147801e-6
-0.447, 1.4950726e-6, 1.8700734e-6
-0.448, 1.4587270e-6, 1.9291765e-6
-0.449, 1.4843537e-6, 1.9200406e-6
-0.450, 1.4908346e-6, 1.9709476e-6
-0.451, 1.4499044e-6, 1.9366303e-6
-0.452, 1.4933905e-6, 1.9160827e-6
-0.453, 1.4536972e-6, 1.8995261e-6
-0.454, 1.4960785e-6, 1.8851297e-6
-0.455, 1.4726451e-6, 1.9467557e-6
-0.456, 1.4621240e-6, 1.8952879e-6
-0.457, 1.5019330e-6, 1.9694801e-6
-0.458, 1.4549340e-6, 1.9531542e-6
-0.459, 1.5176652e-6, 1.9310071e-6
-0.460, 1.4529221e-6, 1.9272470e-6
-0.461, 1.5057257e-6, 1.8673196e-6
-0.462, 1.5104752e-6, 1.9660499e-6
-0.463, 1.4695944e-6, 1.9201725e-6
-0.464, 1.5001023e-6, 1.9844372e-6
-0.465, 1.4592711e-6, 1.9286158e-6
-0.466, 1.5067317e-6, 1.9446613e-6
-0.467, 1.4778398e-6, 1.9162478e-6
-0.468, 1.4897955e-6, 1.8713432e-6
-0.469, 1.4999870e-6, 1.9660499e-6
-0.470, 1.4564677e-6, 1.9611687e-6
-0.471, 1.5174671e-6, 1.9886918e-6
-0.472, 1.4705508e-6, 1.9365480e-6
-0.473, 1.5025925e-6, 1.9412148e-6
-0.474, 1.5082653e-6, 1.9169897e-6
-0.475, 1.4901583e-6, 1.9107729e-6
-0.476, 1.5056762e-6, 1.9534841e-6
-0.477, 1.4726783e-6, 1.9616964e-6
-0.478, 1.5209467e-6, 1.9922868e-6
-0.479, 1.4919063e-6, 1.9498561e-6
-0.480, 1.4855740e-6, 1.9414456e-6
-0.481, 1.5133280e-6, 1.9248230e-6
-0.482, 1.4924011e-6, 1.9494601e-6
-0.483, 1.5204355e-6, 1.9578047e-6
-0.484, 1.4682917e-6, 1.9695954e-6
-0.485, 1.5033841e-6, 1.9780223e-6
-0.486, 1.5228925e-6, 1.9783192e-6
-0.487, 1.4977606e-6, 1.9353770e-6
-0.488, 1.5203860e-6, 1.9445295e-6
-0.489, 1.4781036e-6, 1.9784345e-6
-0.490, 1.5332158e-6, 1.9808092e-6
-0.491, 1.5045218e-6, 1.9744273e-6
-0.492, 1.5216228e-6, 1.9679630e-6
-0.493, 1.5431268e-6, 1.9869271e-6
-0.494, 1.5100462e-6, 1.9186718e-6
-0.495, 1.5330344e-6, 1.9464260e-6
-0.496, 1.4818140e-6, 1.9535994e-6
-0.497, 1.5145812e-6, 1.9802485e-6
-0.498, 1.5286150e-6, 2.0313864e-6
-0.499, 1.5064348e-6, 1.9755817e-6
-0.500, 1.5526091e-6, 1.9879826e-6
