Dec. 21, 2005   08:09:49
Cyclic Voltammetry
File: d:\ida_biofilms\12_10_18_dphzstar\a_760b\100um_pyo\a_100um_pyo_gc_5.txt
Data Source:  Experiment
Instrument Model:  CHI760E
Header: 
Note: 

Init E (V) = 0.1
High E (V) = 0.1
Low E (V) = -0.5
Init P/N = N
Scan Rate (V/s) = 0.003
Segment = 1
Sample Interval (V) = 0.001
Quiet Time (sec) = 2
Sensitivity (A/V) = 1e-7
2nd E (V) = 0.1
Sens 2 (A/V) = 1e-7

Potential/V, i1/A, i2/A, Time/s

0.100, -9.3506991e-8, -8.1761712e-8, 3.3333334e-1
0.099, -7.7136370e-8, -7.3609911e-8, 6.6666669e-1
0.098, -6.6891836e-8, -6.7059652e-8, 1.0000000e+0
0.097, -5.9408087e-8, -6.1858024e-8, 1.3333334e+0
0.096, -5.3398139e-8, -5.7431485e-8, 1.6666667e+0
0.095, -4.8498066e-8, -5.3682339e-8, 2.0000000e+0
0.094, -4.4118895e-8, -5.0309438e-8, 2.3333333e+0
0.093, -4.0652370e-8, -4.7397204e-8, 2.6666665e+0
0.092, -3.7407034e-8, -4.4741874e-8, 2.9999998e+0
0.091, -3.4573965e-8, -4.2390568e-8, 3.3333330e+0
0.090, -3.2062182e-8, -4.0153495e-8, 3.6666663e+0
0.089, -2.9928316e-8, -3.8188176e-8, 3.9999995e+0
0.088, -2.7814016e-8, -3.6327503e-8, 4.3333330e+0
0.087, -2.6054153e-8, -3.4690576e-8, 4.6666665e+0
0.086, -2.4408521e-8, -3.3134093e-8, 5.0000000e+0
0.085, -2.2882309e-8, -3.1732494e-8, 5.3333335e+0
0.084, -2.1438456e-8, -3.0446646e-8, 5.6666670e+0
0.083, -2.0255495e-8, -2.9248586e-8, 6.0000005e+0
0.082, -1.9021810e-8, -2.8035672e-8, 6.3333340e+0
0.081, -1.7991180e-8, -2.6980919e-8, 6.6666675e+0
0.080, -1.6996420e-8, -2.6030651e-8, 7.0000010e+0
0.079, -1.6006933e-8, -2.5156430e-8, 7.3333344e+0
0.078, -1.5071681e-8, -2.4351069e-8, 7.6666679e+0
0.077, -1.4353470e-8, -2.3631259e-8, 8.0000010e+0
0.076, -1.3516633e-8, -2.2910490e-8, 8.3333340e+0
0.075, -1.2651679e-8, -2.2252507e-8, 8.6666670e+0
0.074, -1.2093709e-8, -2.1633030e-8, 9.0000000e+0
0.073, -1.1404334e-8, -2.1091834e-8, 9.3333330e+0
0.072, -1.0626450e-8, -2.0514213e-8, 9.6666660e+0
0.071, -1.0104745e-8, -2.0007445e-8, 9.9999990e+0
0.070, -9.5752135e-9, -1.9507310e-8, 1.0333332e+1
0.069, -8.9567731e-9, -1.9073076e-8, 1.0666665e+1
0.068, -8.4694172e-9, -1.8646109e-8, 1.0999998e+1
0.067, -7.8763795e-9, -1.8243908e-8, 1.1333331e+1
0.066, -7.4849602e-9, -1.7780197e-8, 1.1666664e+1
0.065, -7.0019195e-9, -1.7391017e-8, 1.1999997e+1
0.064, -6.6513204e-9, -1.7112869e-8, 1.2333330e+1
0.063, -6.1781837e-9, -1.6760033e-8, 1.2666663e+1
0.062, -5.6790057e-9, -1.6365981e-8, 1.2999996e+1
0.061, -5.3784128e-9, -1.6140874e-8, 1.3333329e+1
0.060, -4.9849977e-9, -1.5802497e-8, 1.3666662e+1
0.059, -4.5476476e-9, -1.5464281e-8, 1.3999995e+1
0.058, -4.3246993e-9, -1.5266334e-8, 1.4333328e+1
0.057, -3.9001304e-9, -1.4949286e-8, 1.4666661e+1
0.056, -3.5901913e-9, -1.4775783e-8, 1.4999994e+1
0.055, -3.3024592e-9, -1.4432535e-8, 1.5333327e+1
0.054, -3.0148066e-9, -1.4313911e-8, 1.5666660e+1
0.053, -2.7663760e-9, -1.3969302e-8, 1.5999993e+1
0.052, -2.4142595e-9, -1.3816810e-8, 1.6333326e+1
0.051, -2.2104027e-9, -1.3561988e-8, 1.6666660e+1
0.050, -1.8858453e-9, -1.3398072e-8, 1.6999994e+1
0.049, -1.5937195e-9, -1.3247895e-8, 1.7333328e+1
0.048, -1.3448095e-9, -1.2987642e-8, 1.7666662e+1
0.047, -1.2034996e-9, -1.2854481e-8, 1.7999996e+1
0.046, -8.0537155e-10, -1.2695596e-8, 1.8333330e+1
0.045, -7.1989859e-10, -1.2459068e-8, 1.8666664e+1
0.044, -4.2114276e-10, -1.2350110e-8, 1.8999998e+1
0.043, -2.3477983e-10, -1.2151605e-8, 1.9333332e+1
0.042, -1.4163830e-10, -1.1989206e-8, 1.9666666e+1
0.041, 1.4369748e-10, -1.1851970e-8, 2.0000000e+1
0.040, 3.6313125e-10, -1.1707545e-8, 2.0333334e+1
0.039, 5.1666299e-10, -1.1486594e-8, 2.0666668e+1
0.038, 6.9104372e-10, -1.1399203e-8, 2.1000002e+1
0.037, 8.2316737e-10, -1.1318923e-8, 2.1333336e+1
0.036, 1.0869351e-9, -1.1155406e-8, 2.1666670e+1
0.035, 1.1847098e-9, -1.0982544e-8, 2.2000004e+1
0.034, 1.2567627e-9, -1.0888523e-8, 2.2333338e+1
0.033, 1.6042460e-9, -1.0839636e-8, 2.2666672e+1
0.032, 1.6666333e-9, -1.0682189e-8, 2.3000006e+1
0.031, 1.7533045e-9, -1.0524504e-8, 2.3333340e+1
0.030, 2.0504625e-9, -1.0436795e-8, 2.3666674e+1
0.029, 2.1302640e-9, -1.0377043e-8, 2.4000008e+1
0.028, 2.1738793e-9, -1.0272399e-8, 2.4333342e+1
0.027, 2.5610636e-9, -1.0091548e-8, 2.4666676e+1
0.026, 2.5355016e-9, -1.0000643e-8, 2.5000010e+1
0.025, 2.6498914e-9, -9.9253947e-9, 2.5333344e+1
0.024, 2.7756246e-9, -9.8728332e-9, 2.5666677e+1
0.023, 2.8646123e-9, -9.8011794e-9, 2.6000011e+1
0.022, 3.0131915e-9, -9.6117017e-9, 2.6333345e+1
0.021, 3.1263832e-9, -9.5095327e-9, 2.6666679e+1
0.020, 3.1712764e-9, -9.4892432e-9, 2.7000013e+1
0.019, 3.3696217e-9, -9.4121573e-9, 2.7333347e+1
0.018, 3.4770615e-9, -9.3534451e-9, 2.7666681e+1
0.017, 3.6222059e-9, -9.2544719e-9, 2.8000015e+1
0.016, 3.6207679e-9, -9.1279402e-9, 2.8333349e+1
0.015, 3.6711731e-9, -9.0496570e-9, 2.8666683e+1
0.014, 3.9568282e-9, -8.9962162e-9, 2.9000017e+1
0.013, 4.0014023e-9, -8.9284775e-9, 2.9333351e+1
0.012, 4.0797654e-9, -8.8839833e-9, 2.9666685e+1
0.011, 4.1932768e-9, -8.8317407e-9, 3.0000019e+1
0.010, 4.1372803e-9, -8.7318091e-9, 3.0333353e+1
0.009, 4.3933794e-9, -8.6075937e-9, 3.0666687e+1
0.008, 4.4948285e-9, -8.5577483e-9, 3.1000021e+1
0.007, 4.5649644e-9, -8.4971976e-9, 3.1333355e+1
0.006, 4.6128132e-9, -8.4741920e-9, 3.1666689e+1
0.005, 4.6813513e-9, -8.4142808e-9, 3.2000023e+1
0.004, 4.7877533e-9, -8.3967073e-9, 3.2333355e+1
0.003, 4.8997468e-9, -8.3451850e-9, 3.2666687e+1
0.002, 4.9702815e-9, -8.2387022e-9, 3.3000019e+1
0.001, 5.0646216e-9, -8.1665696e-9, 3.3333351e+1
-0.000, 5.0779616e-9, -8.0675173e-9, 3.3666683e+1
-0.001, 5.0987308e-9, -8.0312503e-9, 3.4000015e+1
-0.002, 5.3561080e-9, -7.9894731e-9, 3.4333347e+1
-0.003, 5.3599427e-9, -7.9588789e-9, 3.4666679e+1
-0.004, 5.3610609e-9, -7.9286835e-9, 3.5000011e+1
-0.005, 5.5879235e-9, -7.8762019e-9, 3.5333344e+1
-0.006, 5.5582077e-9, -7.8297910e-9, 3.5666676e+1
-0.007, 5.6212341e-9, -7.7606934e-9, 3.6000008e+1
-0.008, 5.7199672e-9, -7.6570075e-9, 3.6333340e+1
-0.009, 5.7120588e-9, -7.5871114e-9, 3.6666672e+1
-0.010, 5.8672680e-9, -7.5623481e-9, 3.7000004e+1
-0.011, 5.9438743e-9, -7.5349487e-9, 3.7333336e+1
-0.012, 6.0378942e-9, -7.5060314e-9, 3.7666668e+1
-0.013, 6.0494774e-9, -7.4628961e-9, 3.8000000e+1
-0.014, 6.0728027e-9, -7.4463609e-9, 3.8333332e+1
-0.015, 6.2628405e-9, -7.4225559e-9, 3.8666664e+1
-0.016, 6.1984560e-9, -7.3889255e-9, 3.8999996e+1
-0.017, 6.2776975e-9, -7.3862898e-9, 3.9333328e+1
-0.018, 6.5042416e-9, -7.2630333e-9, 3.9666660e+1
-0.019, 6.4527179e-9, -7.2468169e-9, 3.9999992e+1
-0.020, 6.5573618e-9, -7.1672552e-9, 4.0333324e+1
-0.021, 6.5933086e-9, -7.1433708e-9, 4.0666656e+1
-0.022, 6.6269390e-9, -7.0788273e-9, 4.0999989e+1
-0.023, 6.6362853e-9, -7.0563004e-9, 4.1333321e+1
-0.024, 6.7655326e-9, -7.0077322e-9, 4.1666653e+1
-0.025, 6.7369350e-9, -6.9979071e-9, 4.1999985e+1
-0.026, 6.9044463e-9, -6.9726647e-9, 4.2333317e+1
-0.027, 6.8898278e-9, -6.9479817e-9, 4.2666649e+1
-0.028, 6.9093988e-9, -6.9418307e-9, 4.2999981e+1
-0.029, 6.9988659e-9, -6.9121948e-9, 4.3333313e+1
-0.030, 7.0105286e-9, -6.8923840e-9, 4.3666645e+1
-0.031, 7.0606943e-9, -6.8649046e-9, 4.3999977e+1
-0.032, 7.0983179e-9, -6.8379848e-9, 4.4333309e+1
-0.033, 7.0602946e-9, -6.7622574e-9, 4.4666641e+1
-0.034, 7.2262081e-9, -6.7163262e-9, 4.4999973e+1
-0.035, 7.1924977e-9, -6.6686372e-9, 4.5333305e+1
-0.036, 7.1773201e-9, -6.6286958e-9, 4.5666637e+1
-0.037, 7.4444437e-9, -6.5902732e-9, 4.5999969e+1
-0.038, 7.3082456e-9, -6.5705428e-9, 4.6333302e+1
-0.039, 7.4704047e-9, -6.5607169e-9, 4.6666634e+1
-0.040, 7.4955677e-9, -6.5406676e-9, 4.6999966e+1
-0.041, 7.4763156e-9, -6.5210961e-9, 4.7333298e+1
-0.042, 7.4949282e-9, -6.4986496e-9, 4.7666630e+1
-0.043, 7.5313542e-9, -6.5092736e-9, 4.7999962e+1
-0.044, 7.5576354e-9, -6.4571113e-9, 4.8333294e+1
-0.045, 7.5683397e-9, -6.4442500e-9, 4.8666626e+1
-0.046, 7.5632265e-9, -6.4234809e-9, 4.8999958e+1
-0.047, 7.6103568e-9, -6.4016739e-9, 4.9333290e+1
-0.048, 7.6978264e-9, -6.3612537e-9, 4.9666622e+1
-0.049, 7.6806526e-9, -6.3408838e-9, 4.9999954e+1
-0.050, 7.8010327e-9, -6.2971095e-9, 5.0333286e+1
-0.051, 7.7888114e-9, -6.2005325e-9, 5.0666618e+1
-0.052, 7.7763502e-9, -6.2268133e-9, 5.0999950e+1
-0.053, 7.9318783e-9, -6.1459740e-9, 5.1333282e+1
-0.054, 7.9715798e-9, -6.1619501e-9, 5.1666615e+1
-0.055, 7.9642302e-9, -6.0970864e-9, 5.1999947e+1
-0.056, 7.9380298e-9, -6.0913350e-9, 5.2333279e+1
-0.057, 7.9095122e-9, -6.0771161e-9, 5.2666611e+1
-0.058, 7.9762126e-9, -6.0466014e-9, 5.2999943e+1
-0.059, 8.0153546e-9, -6.0358176e-9, 5.3333275e+1
-0.060, 8.0212663e-9, -6.0285483e-9, 5.3666607e+1
-0.061, 8.0297333e-9, -6.0205601e-9, 5.3999939e+1
-0.062, 8.0270173e-9, -6.0006697e-9, 5.4333271e+1
-0.063, 8.0662383e-9, -5.9817378e-9, 5.4666603e+1
-0.064, 8.0545766e-9, -5.9705547e-9, 5.4999935e+1
-0.065, 8.0693541e-9, -5.9747882e-9, 5.5333267e+1
-0.066, 8.1142479e-9, -5.9468301e-9, 5.5666599e+1
-0.067, 8.0628837e-9, -5.9209486e-9, 5.5999931e+1
-0.068, 8.1354958e-9, -5.9231051e-9, 5.6333263e+1
-0.069, 8.2488469e-9, -5.8826051e-9, 5.6666595e+1
-0.070, 8.1356557e-9, -5.8424252e-9, 5.6999928e+1
-0.071, 8.1904536e-9, -5.8438632e-9, 5.7333260e+1
-0.072, 8.3497378e-9, -5.7972125e-9, 5.7666592e+1
-0.073, 8.1978033e-9, -5.7652598e-9, 5.7999924e+1
-0.074, 8.2464506e-9, -5.7083045e-9, 5.8333256e+1
-0.075, 8.3468619e-9, -5.7042304e-9, 5.8666588e+1
-0.076, 8.3010097e-9, -5.6702811e-9, 5.8999920e+1
-0.077, 8.3643554e-9, -5.6357723e-9, 5.9333252e+1
-0.078, 8.3772962e-9, -5.6208345e-9, 5.9666584e+1
-0.079, 8.3982252e-9, -5.6273048e-9, 5.9999916e+1
-0.080, 8.4378469e-9, -5.6050182e-9, 6.0333248e+1
-0.081, 8.3780956e-9, -5.6001452e-9, 6.0666580e+1
-0.082, 8.4741920e-9, -5.5805742e-9, 6.0999912e+1
-0.083, 8.4852960e-9, -5.5719473e-9, 6.1333244e+1
-0.084, 8.4523855e-9, -5.5706693e-9, 6.1666576e+1
-0.085, 8.5168486e-9, -5.5613230e-9, 6.1999908e+1
-0.086, 8.4519858e-9, -5.5522165e-9, 6.2333241e+1
-0.087, 8.4982368e-9, -5.5429505e-9, 6.2666573e+1
-0.088, 8.4970386e-9, -5.5236193e-9, 6.2999905e+1
-0.089, 8.5133349e-9, -5.5000542e-9, 6.3333237e+1
-0.090, 8.4479117e-9, -5.4923857e-9, 6.3666569e+1
-0.091, 8.5254763e-9, -5.4887108e-9, 6.3999901e+1
-0.092, 8.5319467e-9, -5.4855955e-9, 6.4333237e+1
-0.093, 8.5393754e-9, -5.4627498e-9, 6.4666573e+1
-0.094, 8.5230001e-9, -5.4553206e-9, 6.4999908e+1
-0.095, 8.5567091e-9, -5.4424594e-9, 6.5333244e+1
-0.096, 8.5616625e-9, -5.4448561e-9, 6.5666580e+1
-0.097, 8.5350615e-9, -5.4278417e-9, 6.5999916e+1
-0.098, 8.5855474e-9, -5.4142619e-9, 6.6333252e+1
-0.099, 8.5576684e-9, -5.3972466e-9, 6.6666588e+1
-0.100, 8.6079934e-9, -5.3539511e-9, 6.6999924e+1
-0.101, 8.6317185e-9, -5.3434071e-9, 6.7333260e+1
-0.102, 8.6029610e-9, -5.3330225e-9, 6.7666595e+1
-0.103, 8.6984988e-9, -5.2955578e-9, 6.7999931e+1
-0.104, 8.6592769e-9, -5.2681588e-9, 6.8333267e+1
-0.105, 8.6730969e-9, -5.2646438e-9, 6.8666603e+1
-0.106, 8.6418632e-9, -5.2326117e-9, 6.8999939e+1
-0.107, 8.6322771e-9, -5.1927511e-9, 6.9333275e+1
-0.108, 8.8012264e-9, -5.1729403e-9, 6.9666611e+1
-0.109, 8.7712708e-9, -5.1631952e-9, 6.9999947e+1
-0.110, 8.7023331e-9, -5.1516120e-9, 7.0333282e+1
-0.111, 8.8260688e-9, -5.1289257e-9, 7.0666618e+1
-0.112, 8.7621643e-9, -5.1416271e-9, 7.0999954e+1
-0.113, 8.6679837e-9, -5.1136686e-9, 7.1333290e+1
-0.114, 8.9361452e-9, -5.1048814e-9, 7.1666626e+1
-0.115, 8.7866878e-9, -5.0973727e-9, 7.1999962e+1
-0.116, 8.7780601e-9, -5.1016862e-9, 7.2333298e+1
-0.117, 8.9170538e-9, -5.0829141e-9, 7.2666634e+1
-0.118, 8.8384509e-9, -5.0861093e-9, 7.2999969e+1
-0.119, 8.8894954e-9, -5.0758051e-9, 7.3333305e+1
-0.120, 8.9738501e-9, -5.0797193e-9, 7.3666641e+1
-0.121, 8.9083469e-9, -5.0547162e-9, 7.3999977e+1
-0.122, 8.9424557e-9, -5.0549560e-9, 7.4333313e+1
-0.123, 8.9434149e-9, -5.0524793e-9, 7.4666649e+1
-0.124, 8.9738501e-9, -5.0413762e-9, 7.4999985e+1
-0.125, 8.9571541e-9, -5.0400981e-9, 7.5333321e+1
-0.126, 8.9724121e-9, -5.0310711e-9, 7.5666656e+1
-0.127, 8.9996508e-9, -5.0269175e-9, 7.5999992e+1
-0.128, 8.9967749e-9, -5.0004769e-9, 7.6333328e+1
-0.129, 8.9579535e-9, -5.0178910e-9, 7.6666664e+1
-0.130, 9.0455030e-9, -4.9892934e-9, 7.7000000e+1
-0.131, 8.9872696e-9, -5.0046305e-9, 7.7333336e+1
-0.132, 9.0117132e-9, -4.9841011e-9, 7.7666672e+1
-0.133, 9.0640349e-9, -4.9788289e-9, 7.8000008e+1
-0.134, 9.0099563e-9, -4.9674860e-9, 7.8333344e+1
-0.135, 9.0337604e-9, -4.9631721e-9, 7.8666679e+1
-0.136, 9.0690682e-9, -4.9651696e-9, 7.9000015e+1
-0.137, 9.0230561e-9, -4.9523883e-9, 7.9333351e+1
-0.138, 9.0887191e-9, -4.9391282e-9, 7.9666687e+1
-0.139, 9.0466221e-9, -4.9273856e-9, 8.0000023e+1
-0.140, 9.1330525e-9, -4.9511102e-9, 8.0333359e+1
-0.141, 9.0721830e-9, -4.9205955e-9, 8.0666695e+1
-0.142, 9.0815293e-9, -4.9522284e-9, 8.1000031e+1
-0.143, 9.2183656e-9, -4.8937556e-9, 8.1333366e+1
-0.144, 9.1856149e-9, -4.8951931e-9, 8.1666702e+1
-0.145, 9.1212300e-9, -4.8721875e-9, 8.2000038e+1
-0.146, 9.3125463e-9, -4.8904805e-9, 8.2333374e+1
-0.147, 9.1910470e-9, -4.8633209e-9, 8.2666710e+1
-0.148, 9.2615817e-9, -4.8213833e-9, 8.3000046e+1
-0.149, 9.3552028e-9, -4.8342441e-9, 8.3333382e+1
-0.150, 9.3446584e-9, -4.8227413e-9, 8.3666718e+1
-0.151, 9.3708588e-9, -4.7656261e-9, 8.4000053e+1
-0.152, 9.4093622e-9, -4.8173092e-9, 8.4333389e+1
-0.153, 9.3917887e-9, -4.7675432e-9, 8.4666725e+1
-0.154, 9.4138359e-9, -4.7718567e-9, 8.5000061e+1
-0.155, 9.4395576e-9, -4.7176973e-9, 8.5333397e+1
-0.156, 9.4654391e-9, -4.7053956e-9, 8.5666733e+1
-0.157, 9.4358032e-9, -4.7300790e-9, 8.6000069e+1
-0.158, 9.4694323e-9, -4.6672923e-9, 8.6333405e+1
-0.159, 9.5083346e-9, -4.6887005e-9, 8.6666740e+1
-0.160, 9.4997077e-9, -4.6636175e-9, 8.7000076e+1
-0.161, 9.4925987e-9, -4.6740820e-9, 8.7333412e+1
-0.162, 9.5457189e-9, -4.6561888e-9, 8.7666748e+1
-0.163, 9.5274260e-9, -4.6763184e-9, 8.8000084e+1
-0.164, 9.5388497e-9, -4.6345408e-9, 8.8333420e+1
-0.165, 9.5817452e-9, -4.6351003e-9, 8.8666756e+1
-0.166, 9.5740775e-9, -4.6308664e-9, 8.9000092e+1
-0.167, 9.5481951e-9, -4.6444462e-9, 8.9333427e+1
-0.168, 9.5672075e-9, -4.6433279e-9, 8.9666763e+1
-0.169, 9.6909432e-9, -4.6333426e-9, 9.0000099e+1
-0.170, 9.6315915e-9, -4.6021889e-9, 9.0333435e+1
-0.171, 9.6843928e-9, -4.6101771e-9, 9.0666771e+1
-0.172, 9.7336006e-9, -4.6063429e-9, 9.1000107e+1
-0.173, 9.7731414e-9, -4.6040265e-9, 9.1333443e+1
-0.174, 9.8400816e-9, -4.5942010e-9, 9.1666779e+1
-0.175, 9.9116546e-9, -4.6015498e-9, 9.2000114e+1
-0.176, 9.9150901e-9, -4.5989137e-9, 9.2333450e+1
-0.177, 9.9271524e-9, -4.6013904e-9, 9.2666786e+1
-0.178, 9.9846673e-9, -4.5946003e-9, 9.3000122e+1
-0.179, 9.9368975e-9, -4.5872510e-9, 9.3333458e+1
-0.180, 9.9869837e-9, -4.5911657e-9, 9.3666794e+1
-0.181, 1.0011747e-8, -4.5883692e-9, 9.4000130e+1
-0.182, 9.9959303e-9, -4.5717541e-9, 9.4333466e+1
-0.183, 1.0012625e-8, -4.5767070e-9, 9.4666801e+1
-0.184, 1.0060314e-8, -4.5731121e-9, 9.5000137e+1
-0.185, 1.0056160e-8, -4.5723936e-9, 9.5333473e+1
-0.186, 1.0137639e-8, -4.5604112e-9, 9.5666809e+1
-0.187, 1.0139876e-8, -4.5616093e-9, 9.6000145e+1
-0.188, 1.0104489e-8, -4.5564170e-9, 9.6333481e+1
-0.189, 1.0151379e-8, -4.5533017e-9, 9.6666817e+1
-0.190, 1.0250991e-8, -4.5495474e-9, 9.7000153e+1
-0.191, 1.0366260e-8, -4.5572159e-9, 9.7333488e+1
-0.192, 1.0352760e-8, -4.5546598e-9, 9.7666824e+1
-0.193, 1.0322244e-8, -4.5407602e-9, 9.8000160e+1
-0.194, 1.0437114e-8, -4.5342898e-9, 9.8333496e+1
-0.195, 1.0400928e-8, -4.5408401e-9, 9.8666832e+1
-0.196, 1.0455487e-8, -4.5337307e-9, 9.9000168e+1
-0.197, 1.0547589e-8, -4.5319735e-9, 9.9333504e+1
-0.198, 1.0509806e-8, -4.5315738e-9, 9.9666840e+1
-0.199, 1.0485842e-8, -4.5322928e-9, 1.0000018e+2
-0.200, 1.0547589e-8, -4.5195918e-9, 1.0033351e+2
-0.201, 1.0553900e-8, -4.5330117e-9, 1.0066685e+2
-0.202, 1.0596636e-8, -4.5168758e-9, 1.0100018e+2
-0.203, 1.0546951e-8, -4.5068109e-9, 1.0133352e+2
-0.204, 1.0613411e-8, -4.5250239e-9, 1.0166685e+2
-0.205, 1.0523705e-8, -4.4996216e-9, 1.0200019e+2
-0.206, 1.0680273e-8, -4.5250239e-9, 1.0233353e+2
-0.207, 1.0778447e-8, -4.4973847e-9, 1.0266686e+2
-0.208, 1.0743300e-8, -4.4896367e-9, 1.0300020e+2
-0.209, 1.0772855e-8, -4.5045740e-9, 1.0333353e+2
-0.210, 1.0896751e-8, -4.4949884e-9, 1.0366687e+2
-0.211, 1.0836600e-8, -4.5099262e-9, 1.0400021e+2
-0.212, 1.0900266e-8, -4.4977839e-9, 1.0433354e+2
-0.213, 1.0958499e-8, -4.5056123e-9, 1.0466688e+2
-0.214, 1.0933336e-8, -4.5149586e-9, 1.0500021e+2
-0.215, 1.0992609e-8, -4.4897961e-9, 1.0533355e+2
-0.216, 1.0967526e-8, -4.4933106e-9, 1.0566689e+2
-0.217, 1.0988614e-8, -4.5068109e-9, 1.0600022e+2
-0.218, 1.0972558e-8, -4.4916333e-9, 1.0633356e+2
-0.219, 1.1020966e-8, -4.4961865e-9, 1.0666689e+2
-0.220, 1.1126169e-8, -4.4983430e-9, 1.0700023e+2
-0.221, 1.1128726e-8, -4.5057722e-9, 1.0733356e+2
-0.222, 1.1178492e-8, -4.5203907e-9, 1.0766690e+2
-0.223, 1.1335938e-8, -4.5161568e-9, 1.0800024e+2
-0.224, 1.1289367e-8, -4.5155177e-9, 1.0833357e+2
-0.225, 1.1341769e-8, -4.5271804e-9, 1.0866691e+2
-0.226, 1.1436988e-8, -4.5336508e-9, 1.0900024e+2
-0.227, 1.1441461e-8, -4.5354880e-9, 1.0933358e+2
-0.228, 1.1426123e-8, -4.5399613e-9, 1.0966692e+2
-0.229, 1.1498416e-8, -4.5455533e-9, 1.1000025e+2
-0.230, 1.1482760e-8, -4.5480295e-9, 1.1033359e+2
-0.231, 1.1569670e-8, -4.5699169e-9, 1.1066692e+2
-0.232, 1.1621434e-8, -4.5517039e-9, 1.1100026e+2
-0.233, 1.1648673e-8, -4.5625681e-9, 1.1133360e+2
-0.234, 1.1744850e-8, -4.5695976e-9, 1.1166693e+2
-0.235, 1.1844622e-8, -4.5777453e-9, 1.1200027e+2
-0.236, 1.1869704e-8, -4.5835766e-9, 1.1233360e+2
-0.237, 1.1918991e-8, -4.5921240e-9, 1.1266694e+2
-0.238, 1.1952941e-8, -4.6056239e-9, 1.1300027e+2
-0.239, 1.1994718e-8, -4.6148103e-9, 1.1333361e+2
-0.240, 1.1986011e-8, -4.6105764e-9, 1.1366695e+2
-0.241, 1.2027709e-8, -4.6192836e-9, 1.1400028e+2
-0.242, 1.2196738e-8, -4.6543511e-9, 1.1433362e+2
-0.243, 1.2260005e-8, -4.6567479e-9, 1.1466695e+2
-0.244, 1.2285885e-8, -4.7062745e-9, 1.1500029e+2
-0.245, 1.2429911e-8, -4.7022004e-9, 1.1533363e+2
-0.246, 1.2400595e-8, -4.7107478e-9, 1.1566696e+2
-0.247, 1.2443412e-8, -4.7824806e-9, 1.1600030e+2
-0.248, 1.2477920e-8, -4.8397557e-9, 1.1633363e+2
-0.249, 1.2510193e-8, -4.8585278e-9, 1.1666697e+2
-0.250, 1.2559478e-8, -4.8925570e-9, 1.1700031e+2
-0.251, 1.2573699e-8, -4.9140452e-9, 1.1733364e+2
-0.252, 1.2736894e-8, -4.9309801e-9, 1.1766698e+2
-0.253, 1.2783786e-8, -4.9586193e-9, 1.1800031e+2
-0.254, 1.2803197e-8, -4.9674060e-9, 1.1833365e+2
-0.255, 1.2900731e-8, -4.9785092e-9, 1.1866698e+2
-0.256, 1.2925574e-8, -5.0093436e-9, 1.1900032e+2
-0.257, 1.2940033e-8, -5.0146958e-9, 1.1933366e+2
-0.258, 1.2981731e-8, -5.0409765e-9, 1.1966699e+2
-0.259, 1.3015761e-8, -5.0591096e-9, 1.2000033e+2
-0.260, 1.3018156e-8, -5.0774025e-9, 1.2033366e+2
-0.261, 1.3246058e-8, -5.0889852e-9, 1.2066700e+2
-0.262, 1.3239907e-8, -5.0883462e-9, 1.2100034e+2
-0.263, 1.3274255e-8, -5.1111924e-9, 1.2133367e+2
-0.264, 1.3371951e-8, -5.1327600e-9, 1.2166701e+2
-0.265, 1.3375066e-8, -5.1794906e-9, 1.2200034e+2
-0.266, 1.3403744e-8, -5.1576832e-9, 1.2233368e+2
-0.267, 1.3412610e-8, -5.2240643e-9, 1.2266702e+2
-0.268, 1.3441527e-8, -5.2132805e-9, 1.2300035e+2
-0.269, 1.3436096e-8, -5.2735110e-9, 1.2333369e+2
-0.270, 1.3443445e-8, -5.3335816e-9, 1.2366702e+2
-0.271, 1.3492172e-8, -5.3636167e-9, 1.2400036e+2
-0.272, 1.3535469e-8, -5.4044365e-9, 1.2433369e+2
-0.273, 1.3549207e-8, -5.4046758e-9, 1.2466703e+2
-0.274, 1.3621978e-8, -5.4095484e-9, 1.2500037e+2
-0.275, 1.3720632e-8, -5.4314362e-9, 1.2533370e+2
-0.276, 1.3690996e-8, -5.4760099e-9, 1.2566704e+2
-0.277, 1.3841732e-8, -5.4705782e-9, 1.2600037e+2
-0.278, 1.3777589e-8, -5.4780069e-9, 1.2633371e+2
-0.279, 1.3849640e-8, -5.4883116e-9, 1.2666705e+2
-0.280, 1.3861543e-8, -5.4859952e-9, 1.2700038e+2
-0.281, 1.3888942e-8, -5.5214624e-9, 1.2733372e+2
-0.282, 1.3913386e-8, -5.5075633e-9, 1.2766705e+2
-0.283, 1.3909471e-8, -5.5209832e-9, 1.2800038e+2
-0.284, 1.3924169e-8, -5.5355214e-9, 1.2833371e+2
-0.285, 1.3925049e-8, -5.5465450e-9, 1.2866704e+2
-0.286, 1.3943821e-8, -5.5534950e-9, 1.2900037e+2
-0.287, 1.4055654e-8, -5.5590066e-9, 1.2933369e+2
-0.288, 1.3994466e-8, -5.5724265e-9, 1.2966702e+2
-0.289, 1.3981604e-8, -5.5780180e-9, 1.3000035e+2
-0.290, 1.4137772e-8, -5.5824914e-9, 1.3033368e+2
-0.291, 1.4096953e-8, -5.5903997e-9, 1.3066701e+2
-0.292, 1.4127227e-8, -5.5852873e-9, 1.3100034e+2
-0.293, 1.4272612e-8, -5.5945537e-9, 1.3133366e+2
-0.294, 1.4255837e-8, -5.5980682e-9, 1.3166699e+2
-0.295, 1.4273890e-8, -5.6061364e-9, 1.3200032e+2
-0.296, 1.4325494e-8, -5.6154827e-9, 1.3233365e+2
-0.297, 1.4285393e-8, -5.6101306e-9, 1.3266698e+2
-0.298, 1.4373502e-8, -5.6058966e-9, 1.3300031e+2
-0.299, 1.4371185e-8, -5.6505502e-9, 1.3333363e+2
-0.300, 1.4373902e-8, -5.6364913e-9, 1.3366696e+2
-0.301, 1.4405056e-8, -5.6286629e-9, 1.3400029e+2
-0.302, 1.4388520e-8, -5.6816245e-9, 1.3433362e+2
-0.303, 1.4442280e-8, -5.6551834e-9, 1.3466695e+2
-0.304, 1.4421271e-8, -5.6487930e-9, 1.3500027e+2
-0.305, 1.4456418e-8, -5.6797869e-9, 1.3533360e+2
-0.306, 1.4492126e-8, -5.6863372e-9, 1.3566693e+2
-0.307, 1.4473593e-8, -5.7190088e-9, 1.3600026e+2
-0.308, 1.4478944e-8, -5.6755534e-9, 1.3633359e+2
-0.309, 1.4590140e-8, -5.7376210e-9, 1.3666692e+2
-0.310, 1.4536139e-8, -5.7748455e-9, 1.3700024e+2
-0.311, 1.4525836e-8, -5.7277956e-9, 1.3733357e+2
-0.312, 1.4628083e-8, -5.7223639e-9, 1.3766690e+2
-0.313, 1.4654764e-8, -5.7868275e-9, 1.3800023e+2
-0.314, 1.4654523e-8, -5.7687743e-9, 1.3833356e+2
-0.315, 1.4669942e-8, -5.7547953e-9, 1.3866689e+2
-0.316, 1.4682242e-8, -5.7442509e-9, 1.3900021e+2
-0.317, 1.4779379e-8, -5.7228426e-9, 1.3933354e+2
-0.318, 1.4802463e-8, -5.7922596e-9, 1.3966687e+2
-0.319, 1.4853029e-8, -5.7710912e-9, 1.4000020e+2
-0.320, 1.4839769e-8, -5.8156648e-9, 1.4033353e+2
-0.321, 1.4808135e-8, -5.7928986e-9, 1.4066685e+2
-0.322, 1.4891452e-8, -5.8044018e-9, 1.4100018e+2
-0.323, 1.4888497e-8, -5.8532090e-9, 1.4133351e+2
-0.324, 1.4850633e-8, -5.8250906e-9, 1.4166684e+2
-0.325, 1.4915017e-8, -5.8183809e-9, 1.4200017e+2
-0.326, 1.4892890e-8, -5.8316409e-9, 1.4233350e+2
-0.327, 1.4932830e-8, -5.8437033e-9, 1.4266682e+2
-0.328, 1.4953280e-8, -5.8562448e-9, 1.4300015e+2
-0.329, 1.4917413e-8, -5.8211769e-9, 1.4333348e+2
-0.330, 1.4950164e-8, -5.8552061e-9, 1.4366681e+2
-0.331, 1.4990825e-8, -5.8146266e-9, 1.4400014e+2
-0.332, 1.4968936e-8, -5.8539280e-9, 1.4433347e+2
-0.333, 1.5025492e-8, -5.8766942e-9, 1.4466679e+2
-0.334, 1.5041229e-8, -5.8655907e-9, 1.4500012e+2
-0.335, 1.5180941e-8, -5.8551262e-9, 1.4533345e+2
-0.336, 1.5147631e-8, -5.8836438e-9, 1.4566678e+2
-0.337, 1.5138285e-8, -5.8782121e-9, 1.4600011e+2
-0.338, 1.5260424e-8, -5.8903540e-9, 1.4633344e+2
-0.339, 1.5227673e-8, -5.9109633e-9, 1.4666676e+2
-0.340, 1.5208261e-8, -5.9072089e-9, 1.4700009e+2
-0.341, 1.5325366e-8, -5.8806084e-9, 1.4733342e+2
-0.342, 1.5245567e-8, -5.9223861e-9, 1.4766675e+2
-0.343, 1.5300843e-8, -5.9010583e-9, 1.4800008e+2
-0.344, 1.5331198e-8, -5.9278178e-9, 1.4833340e+2
-0.345, 1.5313384e-8, -5.9076881e-9, 1.4866673e+2
-0.346, 1.5351487e-8, -5.9051315e-9, 1.4900006e+2
-0.347, 1.5345735e-8, -5.9296554e-9, 1.4933339e+2
-0.348, 1.5373773e-8, -5.8991407e-9, 1.4966672e+2
-0.349, 1.5382641e-8, -5.9449925e-9, 1.5000005e+2
-0.350, 1.5384240e-8, -5.9342886e-9, 1.5033337e+2
-0.351, 1.5419626e-8, -5.9212679e-9, 1.5066670e+2
-0.352, 1.5399257e-8, -5.9243832e-9, 1.5100003e+2
-0.353, 1.5393026e-8, -5.9447531e-9, 1.5133336e+2
-0.354, 1.5469713e-8, -5.9556169e-9, 1.5166669e+2
-0.355, 1.5426178e-8, -5.9496257e-9, 1.5200002e+2
-0.356, 1.5441275e-8, -5.9473892e-9, 1.5233334e+2
-0.357, 1.5505499e-8, -5.9401999e-9, 1.5266667e+2
-0.358, 1.5451819e-8, -5.9371645e-9, 1.5300000e+2
-0.359, 1.5482494e-8, -5.9433951e-9, 1.5333333e+2
-0.360, 1.5613498e-8, -5.9444334e-9, 1.5366666e+2
-0.361, 1.5557102e-8, -5.9455521e-9, 1.5399998e+2
-0.362, 1.5593368e-8, -5.9540990e-9, 1.5433331e+2
-0.363, 1.5604551e-8, -5.9595311e-9, 1.5466664e+2
-0.364, 1.5621168e-8, -5.9561760e-9, 1.5499997e+2
-0.365, 1.5682435e-8, -5.9398801e-9, 1.5533330e+2
-0.366, 1.5710475e-8, -5.9547380e-9, 1.5566663e+2
-0.367, 1.5843236e-8, -5.9495457e-9, 1.5599995e+2
-0.368, 1.5803856e-8, -5.9697558e-9, 1.5633328e+2
-0.369, 1.5751853e-8, -5.9726313e-9, 1.5666661e+2
-0.370, 1.5863687e-8, -5.9832557e-9, 1.5699994e+2
-0.371, 1.5849468e-8, -5.9768652e-9, 1.5733327e+2
-0.372, 1.5852903e-8, -5.9679186e-9, 1.5766660e+2
-0.373, 1.5859612e-8, -5.9735101e-9, 1.5799992e+2
-0.374, 1.5868240e-8, -5.9766254e-9, 1.5833325e+2
-0.375, 1.5884055e-8, -5.9814984e-9, 1.5866658e+2
-0.376, 1.5941490e-8, -5.9765459e-9, 1.5899991e+2
-0.377, 1.5908739e-8, -5.9716729e-9, 1.5933324e+2
-0.378, 1.5922240e-8, -5.9742291e-9, 1.5966656e+2
-0.379, 1.5949320e-8, -5.9763861e-9, 1.5999989e+2
-0.380, 1.5962019e-8, -5.9977139e-9, 1.6033322e+2
-0.381, 1.5967771e-8, -5.9866907e-9, 1.6066655e+2
-0.382, 1.6000124e-8, -5.9755871e-9, 1.6099988e+2
-0.383, 1.6083519e-8, -5.9906848e-9, 1.6133321e+2
-0.384, 1.6164039e-8, -5.9992318e-9, 1.6166653e+2
-0.385, 1.6074093e-8, -5.9926815e-9, 1.6199986e+2
-0.386, 1.6244480e-8, -5.9994716e-9, 1.6233319e+2
-0.387, 1.6237770e-8, -5.9881287e-9, 1.6266652e+2
-0.388, 1.6289293e-8, -5.9955574e-9, 1.6299985e+2
-0.389, 1.6327316e-8, -5.9957173e-9, 1.6333318e+2
-0.390, 1.6283781e-8, -5.9997913e-9, 1.6366650e+2
-0.391, 1.6328833e-8, -5.9823773e-9, 1.6399983e+2
-0.392, 1.6357033e-8, -6.0129715e-9, 1.6433316e+2
-0.393, 1.6331709e-8, -5.9975545e-9, 1.6466649e+2
-0.394, 1.6366538e-8, -6.0109748e-9, 1.6499982e+2
-0.395, 1.6366618e-8, -6.0052230e-9, 1.6533315e+2
-0.396, 1.6374207e-8, -5.9997114e-9, 1.6566647e+2
-0.397, 1.6392500e-8, -6.0204002e-9, 1.6599980e+2
-0.398, 1.6384911e-8, -6.0056227e-9, 1.6633313e+2
-0.399, 1.6413429e-8, -6.0270304e-9, 1.6666646e+2
-0.400, 1.6482046e-8, -6.0144894e-9, 1.6699979e+2
-0.401, 1.6457523e-8, -6.0272702e-9, 1.6733311e+2
-0.402, 1.6597395e-8, -6.0134506e-9, 1.6766644e+2
-0.403, 1.6568878e-8, -6.0294272e-9, 1.6799977e+2
-0.404, 1.6551384e-8, -6.0320633e-9, 1.6833310e+2
-0.405, 1.6778566e-8, -6.0399716e-9, 1.6866643e+2
-0.406, 1.6637257e-8, -6.0308651e-9, 1.6899976e+2
-0.407, 1.6680152e-8, -6.0446044e-9, 1.6933308e+2
-0.408, 1.6812676e-8, -6.0364567e-9, 1.6966641e+2
-0.409, 1.6753404e-8, -6.0582641e-9, 1.6999974e+2
-0.410, 1.6837678e-8, -6.0485190e-9, 1.7033307e+2
-0.411, 1.6831128e-8, -6.0397318e-9, 1.7066640e+2
-0.412, 1.6845826e-8, -6.0531518e-9, 1.7099973e+2
-0.413, 1.6851178e-8, -6.0474803e-9, 1.7133305e+2
-0.414, 1.6850938e-8, -6.0587437e-9, 1.7166638e+2
-0.415, 1.6896550e-8, -6.0555481e-9, 1.7199971e+2
-0.416, 1.6900385e-8, -6.0651342e-9, 1.7233304e+2
-0.417, 1.6891917e-8, -6.0678498e-9, 1.7266637e+2
-0.418, 1.7022444e-8, -6.0718439e-9, 1.7299969e+2
-0.419, 1.6963572e-8, -6.0778351e-9, 1.7333302e+2
-0.420, 1.6990811e-8, -6.0663319e-9, 1.7366635e+2
-0.421, 1.7149215e-8, -6.0929324e-9, 1.7399968e+2
-0.422, 1.7099609e-8, -6.0849445e-9, 1.7433301e+2
-0.423, 1.7160479e-8, -6.1062728e-9, 1.7466634e+2
-0.424, 1.7273111e-8, -6.1022787e-9, 1.7499966e+2
-0.425, 1.7215196e-8, -6.1056338e-9, 1.7533299e+2
-0.426, 1.7242677e-8, -6.1152194e-9, 1.7566632e+2
-0.427, 1.7283575e-8, -6.1028382e-9, 1.7599965e+2
-0.428, 1.7320561e-8, -6.1085093e-9, 1.7633298e+2
-0.429, 1.7343485e-8, -6.1163377e-9, 1.7666631e+2
-0.430, 1.7323595e-8, -6.1384648e-9, 1.7699963e+2
-0.431, 1.7382709e-8, -6.1168173e-9, 1.7733296e+2
-0.432, 1.7401559e-8, -6.1198526e-9, 1.7766629e+2
-0.433, 1.7366013e-8, -6.1202519e-9, 1.7799962e+2
-0.434, 1.7435669e-8, -6.1252048e-9, 1.7833295e+2
-0.435, 1.7455081e-8, -6.1788850e-9, 1.7866628e+2
-0.436, 1.7472892e-8, -6.1865535e-9, 1.7899960e+2
-0.437, 1.7620994e-8, -6.1519652e-9, 1.7933293e+2
-0.438, 1.7590558e-8, -6.1704970e-9, 1.7966626e+2
-0.439, 1.7616282e-8, -6.1441368e-9, 1.7999959e+2
-0.440, 1.7731470e-8, -6.1530834e-9, 1.8033292e+2
-0.441, 1.7694804e-8, -6.2153105e-9, 1.8066624e+2
-0.442, 1.7794815e-8, -6.1979764e-9, 1.8099957e+2
-0.443, 1.7780676e-8, -6.1970979e-9, 1.8133290e+2
-0.444, 1.7829963e-8, -6.2221805e-9, 1.8166623e+2
-0.445, 1.7810711e-8, -6.2645173e-9, 1.8199956e+2
-0.446, 1.7824053e-8, -6.2403136e-9, 1.8233289e+2
-0.447, 1.7882206e-8, -6.2665948e-9, 1.8266621e+2
-0.448, 1.7866387e-8, -6.2703491e-9, 1.8299954e+2
-0.449, 1.7868626e-8, -6.2351213e-9, 1.8333287e+2
-0.450, 1.8113621e-8, -6.2821717e-9, 1.8366620e+2
-0.451, 1.7998671e-8, -6.2725856e-9, 1.8399953e+2
-0.452, 1.8061460e-8, -6.3246683e-9, 1.8433286e+2
-0.453, 1.8236239e-8, -6.3512684e-9, 1.8466618e+2
-0.454, 1.8197976e-8, -6.3087717e-9, 1.8499951e+2
-0.455, 1.8271946e-8, -6.3453571e-9, 1.8533284e+2
-0.456, 1.8315880e-8, -6.3506298e-9, 1.8566617e+2
-0.457, 1.8311566e-8, -6.3793073e-9, 1.8599950e+2
-0.458, 1.8338886e-8, -6.3735555e-9, 1.8633282e+2
-0.459, 1.8363888e-8, -6.3972800e-9, 1.8666615e+2
-0.460, 1.8389530e-8, -6.3884134e-9, 1.8699948e+2
-0.461, 1.8412218e-8, -6.3992771e-9, 1.8733281e+2
-0.462, 1.8427555e-8, -6.4293126e-9, 1.8766614e+2
-0.463, 1.8586517e-8, -6.4150938e-9, 1.8799947e+2
-0.464, 1.8650104e-8, -6.4353034e-9, 1.8833279e+2
-0.465, 1.8601295e-8, -6.4433716e-9, 1.8866612e+2
-0.466, 1.8776475e-8, -6.4512000e-9, 1.8899945e+2
-0.467, 1.8744842e-8, -6.4522387e-9, 1.8933278e+2
-0.468, 1.8819931e-8, -6.4510406e-9, 1.8966611e+2
-0.469, 1.8872173e-8, -6.4742856e-9, 1.8999944e+2
-0.470, 1.8844215e-8, -6.4829924e-9, 1.9033276e+2
-0.471, 1.8893822e-8, -6.4928978e-9, 1.9066609e+2
-0.472, 1.8967073e-8, -6.4838717e-9, 1.9099942e+2
-0.473, 1.9047992e-8, -6.5072769e-9, 1.9133275e+2
-0.474, 1.9112935e-8, -6.5121495e-9, 1.9166608e+2
-0.475, 1.9132107e-8, -6.5211760e-9, 1.9199940e+2
-0.476, 1.9261515e-8, -6.5286048e-9, 1.9233273e+2
-0.477, 1.9282844e-8, -6.5360339e-9, 1.9266606e+2
-0.478, 1.9292109e-8, -6.5522499e-9, 1.9299939e+2
-0.479, 1.9376865e-8, -6.5439418e-9, 1.9333272e+2
-0.480, 1.9409136e-8, -6.5554446e-9, 1.9366605e+2
-0.481, 1.9408176e-8, -6.5658297e-9, 1.9399937e+2
-0.482, 1.9615308e-8, -6.5726193e-9, 1.9433270e+2
-0.483, 1.9639193e-8, -6.5757351e-9, 1.9466603e+2
-0.484, 1.9710047e-8, -6.5831638e-9, 1.9499936e+2
-0.485, 1.9784656e-8, -6.6298940e-9, 1.9533269e+2
-0.486, 1.9782819e-8, -6.6261396e-9, 1.9566602e+2
-0.487, 1.9836339e-8, -6.6179915e-9, 1.9599934e+2
-0.488, 1.9956401e-8, -6.6613675e-9, 1.9633267e+2
-0.489, 1.9981965e-8, -6.6789414e-9, 1.9666600e+2
-0.490, 2.0077421e-8, -6.7032255e-9, 1.9699933e+2
-0.491, 2.0188935e-8, -6.7552275e-9, 1.9733266e+2
-0.492, 2.0266899e-8, -6.7573844e-9, 1.9766599e+2
-0.493, 2.0288708e-8, -6.7923724e-9, 1.9799931e+2
-0.494, 2.0309717e-8, -6.8355890e-9, 1.9833264e+2
-0.495, 2.0399103e-8, -6.8461330e-9, 1.9866597e+2
-0.496, 2.0497119e-8, -6.8606711e-9, 1.9899930e+2
-0.497, 2.0500073e-8, -6.8867125e-9, 1.9933263e+2
-0.498, 2.0710880e-8, -6.9028481e-9, 1.9966595e+2
-0.499, 2.0749860e-8, -6.9062835e-9, 1.9999928e+2
