Dec. 21, 2005   09:10:21
Cyclic Voltammetry
File: d:\ida_biofilms\12_10_18_dphzstar\a_760b\200um_pyo\a_200um_pyo_gc_1.txt
Data Source:  Experiment
Instrument Model:  CHI760B
Header: 
Note: 

Init E (V) = 0.1
High E (V) = 0.1
Low E (V) = -0.5
Init P/N = N
Scan Rate (V/s) = 0.003
Segment = 1
Sample Interval (V) = 0.001
Quiet Time (sec) = 2
Sensitivity (A/V) = 1e-7
2nd E (V) = 0.1
Sens 2 (A/V) = 1e-7

Potential/V, i1/A, i2/A, Time/s

0.100, -1.4337677e-7, -1.3486006e-7, 3.3333334e-1
0.099, -1.2419234e-7, -1.2396049e-7, 6.6666669e-1
0.098, -1.1164786e-7, -1.1514065e-7, 1.0000000e+0
0.097, -1.0209223e-7, -1.0788975e-7, 1.3333334e+0
0.096, -9.4143324e-8, -1.0173586e-7, 1.6666667e+0
0.095, -8.7800352e-8, -9.6348828e-8, 2.0000000e+0
0.094, -8.2081897e-8, -9.1606680e-8, 2.3333333e+0
0.093, -7.7494796e-8, -8.7288697e-8, 2.6666665e+0
0.092, -7.3334661e-8, -8.3573816e-8, 2.9999998e+0
0.091, -6.9467376e-8, -8.0178310e-8, 3.3333330e+0
0.090, -6.6366859e-8, -7.7227412e-8, 3.6666663e+0
0.089, -6.3361249e-8, -7.4432293e-8, 3.9999995e+0
0.088, -6.0766062e-8, -7.1979777e-8, 4.3333330e+0
0.087, -5.8275528e-8, -6.9664821e-8, 4.6666665e+0
0.086, -5.6032707e-8, -6.7614984e-8, 5.0000000e+0
0.085, -5.3955635e-8, -6.5668601e-8, 5.3333335e+0
0.084, -5.2061012e-8, -6.3953308e-8, 5.6666670e+0
0.083, -5.0251138e-8, -6.2302163e-8, 6.0000005e+0
0.082, -4.8680278e-8, -6.0820689e-8, 6.3333340e+0
0.081, -4.7023939e-8, -5.9438740e-8, 6.6666675e+0
0.080, -4.5704617e-8, -5.8153852e-8, 7.0000010e+0
0.079, -4.4306137e-8, -5.6932706e-8, 7.3333344e+0
0.078, -4.2945121e-8, -5.5809338e-8, 7.6666679e+0
0.077, -4.1729571e-8, -5.4689963e-8, 8.0000010e+0
0.076, -4.0618740e-8, -5.3699196e-8, 8.3333340e+0
0.075, -3.9461021e-8, -5.2722967e-8, 8.6666670e+0
0.074, -3.8485911e-8, -5.1833247e-8, 9.0000000e+0
0.073, -3.7509441e-8, -5.0955833e-8, 9.3333330e+0
0.072, -3.6507650e-8, -5.0135853e-8, 9.6666660e+0
0.071, -3.5655319e-8, -4.9332328e-8, 9.9999990e+0
0.070, -3.4745472e-8, -4.8628895e-8, 1.0333332e+1
0.069, -3.3900090e-8, -4.7877851e-8, 1.0666665e+1
0.068, -3.2902932e-8, -4.7227378e-8, 1.0999998e+1
0.067, -3.2189671e-8, -4.6602626e-8, 1.1333331e+1
0.066, -3.1575066e-8, -4.5997524e-8, 1.1666664e+1
0.065, -3.0746058e-8, -4.5370779e-8, 1.1999997e+1
0.064, -3.0193121e-8, -4.4783331e-8, 1.2333330e+1
0.063, -2.9537855e-8, -4.4251962e-8, 1.2666663e+1
0.062, -2.8783775e-8, -4.3746393e-8, 1.2999996e+1
0.061, -2.8230357e-8, -4.3218460e-8, 1.3333329e+1
0.060, -2.7745719e-8, -4.2737973e-8, 1.3666662e+1
0.059, -2.7064333e-8, -4.2243428e-8, 1.3999995e+1
0.058, -2.6566113e-8, -4.1807034e-8, 1.4333328e+1
0.057, -2.5983059e-8, -4.1347480e-8, 1.4666661e+1
0.056, -2.5434115e-8, -4.0938968e-8, 1.4999994e+1
0.055, -2.5006512e-8, -4.0512081e-8, 1.5333327e+1
0.054, -2.4426015e-8, -4.0177458e-8, 1.5666660e+1
0.053, -2.4074057e-8, -3.9750173e-8, 1.5999993e+1
0.052, -2.3508099e-8, -3.9345654e-8, 1.6333326e+1
0.051, -2.3294177e-8, -3.9029647e-8, 1.6666660e+1
0.050, -2.2840771e-8, -3.8713395e-8, 1.6999994e+1
0.049, -2.2314435e-8, -3.8321581e-8, 1.7333328e+1
0.048, -2.1931482e-8, -3.7981366e-8, 1.7666662e+1
0.047, -2.1484068e-8, -3.7700101e-8, 1.7999996e+1
0.046, -2.1024832e-8, -3.7367556e-8, 1.8333330e+1
0.045, -2.0860595e-8, -3.7038603e-8, 1.8666664e+1
0.044, -2.0392491e-8, -3.6799282e-8, 1.8999998e+1
0.043, -1.9948990e-8, -3.6422161e-8, 1.9333332e+1
0.042, -1.9747210e-8, -3.6229007e-8, 1.9666666e+1
0.041, -1.9382632e-8, -3.5912358e-8, 2.0000000e+1
0.040, -1.9038024e-8, -3.5666165e-8, 2.0333334e+1
0.039, -1.8700527e-8, -3.5361580e-8, 2.0666668e+1
0.038, -1.8448262e-8, -3.5154606e-8, 2.1000002e+1
0.037, -1.8075935e-8, -3.4888121e-8, 2.1333336e+1
0.036, -1.7917770e-8, -3.4660381e-8, 2.1666670e+1
0.035, -1.7493839e-8, -3.4371372e-8, 2.2000004e+1
0.034, -1.7310112e-8, -3.4277591e-8, 2.2333338e+1
0.033, -1.6948171e-8, -3.3963975e-8, 2.2666672e+1
0.032, -1.6686720e-8, -3.3823866e-8, 2.3000006e+1
0.031, -1.6440447e-8, -3.3491560e-8, 2.3333340e+1
0.030, -1.6058854e-8, -3.3379006e-8, 2.3666674e+1
0.029, -1.5922257e-8, -3.3052292e-8, 2.4000008e+1
0.028, -1.5562790e-8, -3.2933830e-8, 2.4333342e+1
0.027, -1.5320033e-8, -3.2688035e-8, 2.4666676e+1
0.026, -1.5081987e-8, -3.2531705e-8, 2.5000010e+1
0.025, -1.4884439e-8, -3.2390158e-8, 2.5333344e+1
0.024, -1.4558924e-8, -3.2172562e-8, 2.5666677e+1
0.023, -1.4420491e-8, -3.1978448e-8, 2.6000011e+1
0.022, -1.4102243e-8, -3.1868691e-8, 2.6333345e+1
0.021, -1.4003030e-8, -3.1578004e-8, 2.6666679e+1
0.020, -1.3648358e-8, -3.1474716e-8, 2.7000013e+1
0.019, -1.3488515e-8, -3.1297542e-8, 2.7333347e+1
0.018, -1.3269482e-8, -3.1101912e-8, 2.7666681e+1
0.017, -1.2994770e-8, -3.0957086e-8, 2.8000015e+1
0.016, -1.2669013e-8, -3.0870574e-8, 2.8333349e+1
0.015, -1.2788117e-8, -3.0695798e-8, 2.8666683e+1
0.014, -1.2486485e-8, -3.0539550e-8, 2.9000017e+1
0.013, -1.2311864e-8, -3.0431710e-8, 2.9333351e+1
0.012, -1.2088117e-8, -3.0249499e-8, 2.9666685e+1
0.011, -1.1808214e-8, -3.0066253e-8, 3.0000019e+1
0.010, -1.1657318e-8, -2.9992279e-8, 3.0333353e+1
0.009, -1.1544605e-8, -2.9850973e-8, 3.0666687e+1
0.008, -1.1228675e-8, -2.9656301e-8, 3.1000021e+1
0.007, -1.1133456e-8, -2.9531845e-8, 3.1333355e+1
0.006, -1.1031289e-8, -2.9466262e-8, 3.1666689e+1
0.005, -1.0774071e-8, -2.9328788e-8, 3.2000023e+1
0.004, -1.0584353e-8, -2.9136512e-8, 3.2333355e+1
0.003, -1.0533149e-8, -2.9042971e-8, 3.2666687e+1
0.002, -1.0284079e-8, -2.8965170e-8, 3.3000019e+1
0.001, -1.0096358e-8, -2.8790069e-8, 3.3333351e+1
-0.000, -9.8979331e-9, -2.8661061e-8, 3.3666683e+1
-0.001, -9.7817061e-9, -2.8545472e-8, 3.4000015e+1
-0.002, -9.5703401e-9, -2.8384751e-8, 3.4333347e+1
-0.003, -9.4152108e-9, -2.8193597e-8, 3.4666679e+1
-0.004, -9.2184633e-9, -2.8134242e-8, 3.5000011e+1
-0.005, -9.1104644e-9, -2.8066586e-8, 3.5333344e+1
-0.006, -8.9820951e-9, -2.7848429e-8, 3.5666676e+1
-0.007, -8.7505194e-9, -2.7680839e-8, 3.6000008e+1
-0.008, -8.6160794e-9, -2.7629794e-8, 3.6333340e+1
-0.009, -8.6138430e-9, -2.7515163e-8, 3.6666672e+1
-0.010, -8.4178939e-9, -2.7443031e-8, 3.7000004e+1
-0.011, -8.2070875e-9, -2.7293572e-8, 3.7333336e+1
-0.012, -8.1008453e-9, -2.7155060e-8, 3.7666668e+1
-0.013, -7.8668734e-9, -2.7108008e-8, 3.8000000e+1
-0.014, -7.8122344e-9, -2.7044184e-8, 3.8333332e+1
-0.015, -7.6147675e-9, -2.6990984e-8, 3.8666664e+1
-0.016, -7.5386417e-9, -2.6845759e-8, 3.8999996e+1
-0.017, -7.4720203e-9, -2.6682562e-8, 3.9333328e+1
-0.018, -7.2327757e-9, -2.6657480e-8, 3.9666660e+1
-0.019, -7.1970687e-9, -2.6572327e-8, 3.9999992e+1
-0.020, -7.1028090e-9, -2.6539734e-8, 4.0333324e+1
-0.021, -6.8419168e-9, -2.6466644e-8, 4.0666656e+1
-0.022, -6.7848021e-9, -2.6327967e-8, 4.0999989e+1
-0.023, -6.6516401e-9, -2.6206949e-8, 4.1333321e+1
-0.024, -6.5928476e-9, -2.6169166e-8, 4.1666653e+1
-0.025, -6.3921060e-9, -2.6090721e-8, 4.1999985e+1
-0.026, -6.2479999e-9, -2.6041675e-8, 4.2333317e+1
-0.027, -6.1516632e-9, -2.5992707e-8, 4.2666649e+1
-0.028, -6.0645924e-9, -2.5951330e-8, 4.2999981e+1
-0.029, -5.7644787e-9, -2.5970582e-8, 4.3333313e+1
-0.030, -5.8290230e-9, -2.5764486e-8, 4.3666645e+1
-0.031, -5.6432192e-9, -2.5640350e-8, 4.3999977e+1
-0.032, -5.6664646e-9, -2.5621977e-8, 4.4333309e+1
-0.033, -5.5525540e-9, -2.5528918e-8, 4.4666641e+1
-0.034, -5.3146674e-9, -2.5433380e-8, 4.4999973e+1
-0.035, -5.2953362e-9, -2.5475794e-8, 4.5333305e+1
-0.036, -5.1708811e-9, -2.5509266e-8, 4.5666637e+1
-0.037, -4.8757198e-9, -2.5172806e-8, 4.5999969e+1
-0.038, -4.8623803e-9, -2.5183192e-8, 4.6333302e+1
-0.039, -4.8189244e-9, -2.5065447e-8, 4.6666634e+1
-0.040, -4.7296971e-9, -2.5043798e-8, 4.6999966e+1
-0.041, -4.7324931e-9, -2.4969989e-8, 4.7333298e+1
-0.042, -4.6161062e-9, -2.4915270e-8, 4.7666630e+1
-0.043, -4.5367039e-9, -2.4776035e-8, 4.7999962e+1
-0.044, -4.3363619e-9, -2.4725551e-8, 4.8333294e+1
-0.045, -4.2628714e-9, -2.4643194e-8, 4.8666626e+1
-0.046, -4.2235695e-9, -2.4679620e-8, 4.8999958e+1
-0.047, -3.9232160e-9, -2.4605251e-8, 4.9333290e+1
-0.048, -3.9195416e-9, -2.4574975e-8, 4.9666622e+1
-0.049, -3.8506838e-9, -2.4476801e-8, 4.9999954e+1
-0.050, -3.7344567e-9, -2.4379826e-8, 5.0333286e+1
-0.051, -3.7259094e-9, -2.4221261e-8, 5.0666618e+1
-0.052, -3.6983505e-9, -2.4207601e-8, 5.0999950e+1
-0.053, -3.3626095e-9, -2.4152403e-8, 5.1333282e+1
-0.054, -3.6534571e-9, -2.4138982e-8, 5.1666615e+1
-0.055, -3.3963197e-9, -2.4099920e-8, 5.1999947e+1
-0.056, -3.3206720e-9, -2.4062697e-8, 5.2333279e+1
-0.057, -3.2561280e-9, -2.4040570e-8, 5.2666611e+1
-0.058, -3.2529328e-9, -2.3957334e-8, 5.2999943e+1
-0.059, -3.0900547e-9, -2.3871301e-8, 5.3333275e+1
-0.060, -2.9445910e-9, -2.3788305e-8, 5.3666607e+1
-0.061, -2.9037719e-9, -2.3709701e-8, 5.3999939e+1
-0.062, -2.8434615e-9, -2.3704668e-8, 5.4333271e+1
-0.063, -2.7456868e-9, -2.3646676e-8, 5.4666603e+1
-0.064, -2.7210034e-9, -2.3634852e-8, 5.4999935e+1
-0.065, -2.7146929e-9, -2.3564237e-8, 5.5333267e+1
-0.066, -2.5927940e-9, -2.3510639e-8, 5.5666599e+1
-0.067, -2.4799218e-9, -2.3378274e-8, 5.5999931e+1
-0.068, -2.4837563e-9, -2.3389298e-8, 5.6333263e+1
-0.069, -2.2549764e-9, -2.3268358e-8, 5.6666595e+1
-0.070, -2.2928399e-9, -2.3395369e-8, 5.6999928e+1
-0.071, -2.2340474e-9, -2.3230893e-8, 5.7333260e+1
-0.072, -2.1508113e-9, -2.3180329e-8, 5.7666592e+1
-0.073, -2.0846695e-9, -2.3141586e-8, 5.7999924e+1
-0.074, -1.9611732e-9, -2.3120178e-8, 5.8333256e+1
-0.075, -1.8808126e-9, -2.3084311e-8, 5.8666588e+1
-0.076, -1.8085999e-9, -2.3056353e-8, 5.8999920e+1
-0.077, -1.7565174e-9, -2.2986617e-8, 5.9333252e+1
-0.078, -1.7552393e-9, -2.2935891e-8, 5.9666584e+1
-0.079, -1.5984325e-9, -2.2847862e-8, 5.9999916e+1
-0.080, -1.4871578e-9, -2.2803208e-8, 6.0333248e+1
-0.081, -1.4061583e-9, -2.2763349e-8, 6.0666580e+1
-0.082, -1.3105405e-9, -2.2758956e-8, 6.0999912e+1
-0.083, -1.2932062e-9, -2.2701121e-8, 6.1333244e+1
-0.084, -1.2742744e-9, -2.2665095e-8, 6.1666576e+1
-0.085, -1.1925558e-9, -2.2650957e-8, 6.1999908e+1
-0.086, -1.2266652e-9, -2.2610536e-8, 6.2333241e+1
-0.087, -1.1344822e-9, -2.2611255e-8, 6.2666573e+1
-0.088, -9.4332642e-10, -2.2581538e-8, 6.2999905e+1
-0.089, -9.1017571e-10, -2.2499821e-8, 6.3333237e+1
-0.090, -9.0841829e-10, -2.2396215e-8, 6.3666569e+1
-0.091, -8.5002511e-10, -2.2357792e-8, 6.3999901e+1
-0.092, -8.2014956e-10, -2.2297561e-8, 6.4333237e+1
-0.093, -7.6694867e-10, -2.2270322e-8, 6.4666573e+1
-0.094, -7.3507600e-10, -2.2262334e-8, 6.4999908e+1
-0.095, -5.6061539e-10, -2.2231898e-8, 6.5333244e+1
-0.096, -6.2268313e-10, -2.2215044e-8, 6.5666580e+1
-0.097, -5.3185817e-10, -2.2174783e-8, 6.5999916e+1
-0.098, -3.5204548e-10, -2.2159606e-8, 6.6333252e+1
-0.099, -3.3119649e-10, -2.2129012e-8, 6.6666588e+1
-0.100, -2.9924399e-10, -2.2117669e-8, 6.6999924e+1
-0.101, -1.5985123e-10, -2.2094744e-8, 6.7333260e+1
-0.102, -2.4013186e-10, -2.2032276e-8, 6.7666595e+1
-0.103, -8.2446307e-11, -2.1974042e-8, 6.7999931e+1
-0.104, 3.9053990e-13, -2.1902149e-8, 6.8333267e+1
-0.105, 1.0535457e-11, -2.1874991e-8, 6.8666603e+1
-0.106, 1.4201998e-10, -2.1809965e-8, 6.8999939e+1
-0.107, 1.7485118e-10, -2.1745102e-8, 6.9333275e+1
-0.108, 1.9945458e-10, -2.1742785e-8, 6.9666611e+1
-0.109, 2.3835675e-10, -2.1699970e-8, 6.9999947e+1
-0.110, 2.6607552e-10, -2.1735596e-8, 7.0333282e+1
-0.111, 3.0569663e-10, -2.1677124e-8, 7.0666618e+1
-0.112, 5.0899440e-10, -2.1655795e-8, 7.0999954e+1
-0.113, 5.1466598e-10, -2.1593088e-8, 7.1333290e+1
-0.114, 6.3728367e-10, -2.1534056e-8, 7.1666626e+1
-0.115, 6.0676902e-10, -2.1569363e-8, 7.1999962e+1
-0.116, 6.8880707e-10, -2.1508573e-8, 7.2333298e+1
-0.117, 7.7459955e-10, -2.1414634e-8, 7.2666634e+1
-0.118, 7.9592782e-10, -2.1382441e-8, 7.2999969e+1
-0.119, 8.7924396e-10, -2.1320373e-8, 7.3333305e+1
-0.120, 1.1259172e-9, -2.1381883e-8, 7.3666641e+1
-0.121, 1.0947635e-9, -2.1337948e-8, 7.3999977e+1
-0.122, 1.1490029e-9, -2.1411280e-8, 7.4333313e+1
-0.123, 1.1724081e-9, -2.1315101e-8, 7.4666649e+1
-0.124, 1.2650703e-9, -2.1289299e-8, 7.4999985e+1
-0.125, 1.1970914e-9, -2.1246244e-8, 7.5333321e+1
-0.126, 1.2790495e-9, -2.1254632e-8, 7.5666656e+1
-0.127, 1.4244333e-9, -2.1176508e-8, 7.5999992e+1
-0.128, 1.4711639e-9, -2.1160851e-8, 7.6333328e+1
-0.129, 1.4958472e-9, -2.1145594e-8, 7.6666664e+1
-0.130, 1.6216603e-9, -2.1151665e-8, 7.7000000e+1
-0.131, 1.6663937e-9, -2.1136646e-8, 7.7333336e+1
-0.132, 1.6768581e-9, -2.1109887e-8, 7.7666672e+1
-0.133, 1.7913279e-9, -2.1102297e-8, 7.8000008e+1
-0.134, 1.8200053e-9, -2.1094948e-8, 7.8333344e+1
-0.135, 1.9056381e-9, -2.0925441e-8, 7.8666679e+1
-0.136, 2.0618056e-9, -2.0833259e-8, 7.9000015e+1
-0.137, 1.9111497e-9, -2.1089837e-8, 7.9333351e+1
-0.138, 2.1355362e-9, -2.0952120e-8, 7.9666687e+1
-0.139, 2.1281870e-9, -2.1008598e-8, 8.0000023e+1
-0.140, 2.2528819e-9, -2.0943014e-8, 8.0333359e+1
-0.141, 2.2151778e-9, -2.0893250e-8, 8.0666695e+1
-0.142, 2.3773368e-9, -2.0861775e-8, 8.1000031e+1
-0.143, 2.5192057e-9, -2.0802183e-8, 8.1333366e+1
-0.144, 2.6137852e-9, -2.0785809e-8, 8.1666702e+1
-0.145, 2.6390277e-9, -2.0746189e-8, 8.2000038e+1
-0.146, 2.6722582e-9, -2.0708562e-8, 8.2333374e+1
-0.147, 2.6730571e-9, -2.0715992e-8, 8.2666710e+1
-0.148, 2.7419147e-9, -2.0713276e-8, 8.3000046e+1
-0.149, 3.0214191e-9, -2.0731090e-8, 8.3333382e+1
-0.150, 2.9841145e-9, -2.0718549e-8, 8.3666718e+1
-0.151, 3.1251848e-9, -2.0776223e-8, 8.4000053e+1
-0.152, 3.1785454e-9, -2.0699936e-8, 8.4333389e+1
-0.153, 3.1644862e-9, -2.0695863e-8, 8.4666725e+1
-0.154, 3.3131455e-9, -2.0685238e-8, 8.5000061e+1
-0.155, 3.4753840e-9, -2.0672376e-8, 8.5333397e+1
-0.156, 3.5526295e-9, -2.0654642e-8, 8.5666733e+1
-0.157, 3.6229248e-9, -2.0668143e-8, 8.6000069e+1
-0.158, 3.6687766e-9, -2.0652886e-8, 8.6333405e+1
-0.159, 3.8242254e-9, -2.0639705e-8, 8.6666740e+1
-0.160, 3.9791952e-9, -2.0649292e-8, 8.7000076e+1
-0.161, 4.0102690e-9, -2.0654483e-8, 8.7333412e+1
-0.162, 4.1566115e-9, -2.0657680e-8, 8.7666748e+1
-0.163, 4.2195576e-9, -2.0643620e-8, 8.8000084e+1
-0.164, 4.3586312e-9, -2.0665667e-8, 8.8333420e+1
-0.165, 4.5796624e-9, -2.0668224e-8, 8.8666756e+1
-0.166, 4.6073012e-9, -2.0649132e-8, 8.9000092e+1
-0.167, 4.6710467e-9, -2.0671578e-8, 8.9333427e+1
-0.168, 4.8971107e-9, -2.0676612e-8, 8.9666763e+1
-0.169, 4.9864179e-9, -2.0676371e-8, 9.0000099e+1
-0.170, 5.1111924e-9, -2.0700895e-8, 9.0333435e+1
-0.171, 5.2106444e-9, -2.0720625e-8, 9.0666771e+1
-0.172, 5.4523652e-9, -2.0704809e-8, 9.1000107e+1
-0.173, 5.5657963e-9, -2.0721345e-8, 9.1333443e+1
-0.174, 5.6471952e-9, -2.0754655e-8, 9.1666779e+1
-0.175, 6.0531518e-9, -2.0806338e-8, 9.2000114e+1
-0.176, 6.0365366e-9, -2.0753776e-8, 9.2333450e+1
-0.177, 6.1021987e-9, -2.0766636e-8, 9.2666786e+1
-0.178, 6.4935373e-9, -2.0811051e-8, 9.3000122e+1
-0.179, 6.5444219e-9, -2.0905789e-8, 9.3333458e+1
-0.180, 6.8961383e-9, -2.1129138e-8, 9.3666794e+1
-0.181, 7.0452764e-9, -2.1031603e-8, 9.4000130e+1
-0.182, 7.0602151e-9, -2.1089757e-8, 9.4333466e+1
-0.183, 7.4120918e-9, -2.1105972e-8, 9.4666801e+1
-0.184, 7.5982145e-9, -2.1185693e-8, 9.5000137e+1
-0.185, 7.8617433e-9, -2.1219083e-8, 9.5333473e+1
-0.186, 8.0473868e-9, -2.1234980e-8, 9.5666809e+1
-0.187, 8.2152170e-9, -2.1358558e-8, 9.6000145e+1
-0.188, 8.5047072e-9, -2.1469193e-8, 9.6333481e+1
-0.189, 8.7832523e-9, -2.1595964e-8, 9.6666817e+1
-0.190, 8.9991721e-9, -2.1667219e-8, 9.7000153e+1
-0.191, 9.4501011e-9, -2.1730724e-8, 9.7333488e+1
-0.192, 9.6478869e-9, -2.1832571e-8, 9.7666824e+1
-0.193, 9.9838680e-9, -2.2013104e-8, 9.8000160e+1
-0.194, 1.0447019e-8, -2.2158646e-8, 9.8333496e+1
-0.195, 1.0702800e-8, -2.2233097e-8, 9.8666832e+1
-0.196, 1.0994366e-8, -2.2412031e-8, 9.9000168e+1
-0.197, 1.1476769e-8, -2.2589527e-8, 9.9333504e+1
-0.198, 1.1846698e-8, -2.2707512e-8, 9.9666840e+1
-0.199, 1.2385657e-8, -2.2915122e-8, 1.0000018e+2
-0.200, 1.2810226e-8, -2.3096693e-8, 1.0033351e+2
-0.201, 1.3263552e-8, -2.3250623e-8, 1.0066685e+2
-0.202, 1.3771596e-8, -2.3567752e-8, 1.0100018e+2
-0.203, 1.4274928e-8, -2.3726797e-8, 1.0133352e+2
-0.204, 1.4788804e-8, -2.4052632e-8, 1.0166685e+2
-0.205, 1.5255230e-8, -2.4226692e-8, 1.0200019e+2
-0.206, 1.5845314e-8, -2.4600697e-8, 1.0233353e+2
-0.207, 1.6555060e-8, -2.4870776e-8, 1.0266686e+2
-0.208, 1.7264883e-8, -2.5212827e-8, 1.0300020e+2
-0.209, 1.7921346e-8, -2.5578762e-8, 1.0333353e+2
-0.210, 1.8796445e-8, -2.5973696e-8, 1.0366687e+2
-0.211, 1.9448198e-8, -2.6356485e-8, 1.0400021e+2
-0.212, 2.0284714e-8, -2.6797990e-8, 1.0433354e+2
-0.213, 2.1209818e-8, -2.7212254e-8, 1.0466688e+2
-0.214, 2.2056719e-8, -2.7743384e-8, 1.0500021e+2
-0.215, 2.2964489e-8, -2.8296402e-8, 1.0533355e+2
-0.216, 2.4066052e-8, -2.8969243e-8, 1.0566689e+2
-0.217, 2.4997068e-8, -2.9550538e-8, 1.0600022e+2
-0.218, 2.6187859e-8, -3.0236318e-8, 1.0633356e+2
-0.219, 2.7267054e-8, -3.0871135e-8, 1.0666689e+2
-0.220, 2.8704914e-8, -3.1560909e-8, 1.0700023e+2
-0.221, 3.0009698e-8, -3.2295976e-8, 1.0733356e+2
-0.222, 3.1208156e-8, -3.3152144e-8, 1.0766690e+2
-0.223, 3.2746904e-8, -3.3896796e-8, 1.0800024e+2
-0.224, 3.4103369e-8, -3.4939166e-8, 1.0833357e+2
-0.225, 3.5751320e-8, -3.5753555e-8, 1.0866691e+2
-0.226, 3.7368515e-8, -3.6743046e-8, 1.0900024e+2
-0.227, 3.8844881e-8, -3.7742598e-8, 1.0933358e+2
-0.228, 4.0516632e-8, -3.8811010e-8, 1.0966692e+2
-0.229, 4.2496570e-8, -3.9938772e-8, 1.1000025e+2
-0.230, 4.4227200e-8, -4.1107437e-8, 1.1033359e+2
-0.231, 4.6186763e-8, -4.2347430e-8, 1.1066692e+2
-0.232, 4.8108227e-8, -4.3657405e-8, 1.1100026e+2
-0.233, 5.0192327e-8, -4.5035915e-8, 1.1133360e+2
-0.234, 5.2262532e-8, -4.6492232e-8, 1.1166693e+2
-0.235, 5.4524047e-8, -4.8033378e-8, 1.1200027e+2
-0.236, 5.7118111e-8, -4.9806022e-8, 1.1233360e+2
-0.237, 5.9489466e-8, -5.1543601e-8, 1.1266694e+2
-0.238, 6.1877678e-8, -5.2887202e-8, 1.1300027e+2
-0.239, 6.3907294e-8, -5.4401674e-8, 1.1333361e+2
-0.240, 6.6389049e-8, -5.6182387e-8, 1.1366695e+2
-0.241, 6.8760166e-8, -5.7913972e-8, 1.1400028e+2
-0.242, 7.1488429e-8, -5.9753397e-8, 1.1433362e+2
-0.243, 7.4017628e-8, -6.1680289e-8, 1.1466695e+2
-0.244, 7.6783600e-8, -6.3605427e-8, 1.1500029e+2
-0.245, 7.9474155e-8, -6.5634971e-8, 1.1533363e+2
-0.246, 8.2179973e-8, -6.7641267e-8, 1.1566696e+2
-0.247, 8.4846647e-8, -6.9709714e-8, 1.1600030e+2
-0.248, 8.7781409e-8, -7.1767460e-8, 1.1633363e+2
-0.249, 9.0409657e-8, -7.3961310e-8, 1.1666697e+2
-0.250, 9.3373892e-8, -7.6063309e-8, 1.1700031e+2
-0.251, 9.6158871e-8, -7.8254125e-8, 1.1733364e+2
-0.252, 9.8925398e-8, -8.0385917e-8, 1.1766698e+2
-0.253, 1.0161699e-7, -8.2602227e-8, 1.1800031e+2
-0.254, 1.0430333e-7, -8.4833793e-8, 1.1833365e+2
-0.255, 1.0713087e-7, -8.7029164e-8, 1.1866698e+2
-0.256, 1.0973844e-7, -8.9175408e-8, 1.1900032e+2
-0.257, 1.1229680e-7, -9.1493966e-8, 1.1933366e+2
-0.258, 1.1497826e-7, -9.3680953e-8, 1.1966699e+2
-0.259, 1.1738427e-7, -9.5764420e-8, 1.2000033e+2
-0.260, 1.1980347e-7, -9.7908746e-8, 1.2033366e+2
-0.261, 1.2248684e-7, -9.9989258e-8, 1.2066700e+2
-0.262, 1.2473502e-7, -1.0208183e-7, 1.2100034e+2
-0.263, 1.2713906e-7, -1.0412391e-7, 1.2133367e+2
-0.264, 1.2937900e-7, -1.0612541e-7, 1.2166701e+2
-0.265, 1.3151215e-7, -1.0806541e-7, 1.2200034e+2
-0.266, 1.3360224e-7, -1.0995340e-7, 1.2233368e+2
-0.267, 1.3567556e-7, -1.1183436e-7, 1.2266702e+2
-0.268, 1.3763345e-7, -1.1365094e-7, 1.2300035e+2
-0.269, 1.3947486e-7, -1.1539563e-7, 1.2333369e+2
-0.270, 1.4121773e-7, -1.1707498e-7, 1.2366702e+2
-0.271, 1.4299164e-7, -1.1878946e-7, 1.2400036e+2
-0.272, 1.4456778e-7, -1.2035409e-7, 1.2433369e+2
-0.273, 1.4618307e-7, -1.2195252e-7, 1.2466703e+2
-0.274, 1.4786144e-7, -1.2356828e-7, 1.2500037e+2
-0.275, 1.4924242e-7, -1.2504249e-7, 1.2533370e+2
-0.276, 1.5045934e-7, -1.2634312e-7, 1.2566704e+2
-0.277, 1.5193227e-7, -1.2768511e-7, 1.2600037e+2
-0.278, 1.5298677e-7, -1.2895403e-7, 1.2633371e+2
-0.279, 1.5430737e-7, -1.3018955e-7, 1.2666705e+2
-0.280, 1.5541406e-7, -1.3139520e-7, 1.2700038e+2
-0.281, 1.5643941e-7, -1.3246066e-7, 1.2733372e+2
-0.282, 1.5742810e-7, -1.3355839e-7, 1.2766705e+2
-0.283, 1.5824473e-7, -1.3453837e-7, 1.2800038e+2
-0.284, 1.5922527e-7, -1.3554184e-7, 1.2833371e+2
-0.285, 1.5989531e-7, -1.3645240e-7, 1.2866704e+2
-0.286, 1.6068039e-7, -1.3737743e-7, 1.2900037e+2
-0.287, 1.6146403e-7, -1.3823920e-7, 1.2933369e+2
-0.288, 1.6206137e-7, -1.3903065e-7, 1.2966702e+2
-0.289, 1.6268707e-7, -1.3982850e-7, 1.3000035e+2
-0.290, 1.6339227e-7, -1.4061932e-7, 1.3033368e+2
-0.291, 1.6379815e-7, -1.4123729e-7, 1.3066701e+2
-0.292, 1.6429870e-7, -1.4192979e-7, 1.3100034e+2
-0.293, 1.6489165e-7, -1.4259494e-7, 1.3133366e+2
-0.294, 1.6529545e-7, -1.4320413e-7, 1.3166699e+2
-0.295, 1.6572208e-7, -1.4371186e-7, 1.3200032e+2
-0.296, 1.6613492e-7, -1.4423300e-7, 1.3233365e+2
-0.297, 1.6654087e-7, -1.4499611e-7, 1.3266698e+2
-0.298, 1.6706545e-7, -1.4554560e-7, 1.3300031e+2
-0.299, 1.6741181e-7, -1.4605972e-7, 1.3333363e+2
-0.300, 1.6773126e-7, -1.4649970e-7, 1.3366696e+2
-0.301, 1.6795397e-7, -1.4677633e-7, 1.3400029e+2
-0.302, 1.6820456e-7, -1.4725394e-7, 1.3433362e+2
-0.303, 1.6865494e-7, -1.4765214e-7, 1.3466695e+2
-0.304, 1.6879424e-7, -1.4803278e-7, 1.3500027e+2
-0.305, 1.6901120e-7, -1.4837828e-7, 1.3533360e+2
-0.306, 1.6936220e-7, -1.4868087e-7, 1.3566693e+2
-0.307, 1.6953106e-7, -1.4896317e-7, 1.3600026e+2
-0.308, 1.6963251e-7, -1.4915911e-7, 1.3633359e+2
-0.309, 1.6974275e-7, -1.4951186e-7, 1.3666692e+2
-0.310, 1.6991481e-7, -1.4977867e-7, 1.3700024e+2
-0.311, 1.7012091e-7, -1.5000681e-7, 1.3733357e+2
-0.312, 1.7019417e-7, -1.5017065e-7, 1.3766690e+2
-0.313, 1.7043948e-7, -1.5065808e-7, 1.3800023e+2
-0.314, 1.7065818e-7, -1.5089238e-7, 1.3833356e+2
-0.315, 1.7082314e-7, -1.5109711e-7, 1.3866689e+2
-0.316, 1.7099057e-7, -1.5117284e-7, 1.3900021e+2
-0.317, 1.7096733e-7, -1.5140354e-7, 1.3933354e+2
-0.318, 1.7111408e-7, -1.5164677e-7, 1.3966687e+2
-0.319, 1.7125635e-7, -1.5187213e-7, 1.4000020e+2
-0.320, 1.7124333e-7, -1.5200368e-7, 1.4033353e+2
-0.321, 1.7144758e-7, -1.5210043e-7, 1.4066685e+2
-0.322, 1.7162539e-7, -1.5229917e-7, 1.4100018e+2
-0.323, 1.7161445e-7, -1.5242186e-7, 1.4133351e+2
-0.324, 1.7163298e-7, -1.5251317e-7, 1.4166684e+2
-0.325, 1.7190753e-7, -1.5270017e-7, 1.4200017e+2
-0.326, 1.7188198e-7, -1.5285818e-7, 1.4233350e+2
-0.327, 1.7201546e-7, -1.5296865e-7, 1.4266682e+2
-0.328, 1.7207209e-7, -1.5321173e-7, 1.4300015e+2
-0.329, 1.7217266e-7, -1.5345161e-7, 1.4333348e+2
-0.330, 1.7237308e-7, -1.5349754e-7, 1.4366681e+2
-0.331, 1.7241869e-7, -1.5363614e-7, 1.4400014e+2
-0.332, 1.7252773e-7, -1.5381660e-7, 1.4433347e+2
-0.333, 1.7259354e-7, -1.5398658e-7, 1.4466679e+2
-0.334, 1.7258269e-7, -1.5403722e-7, 1.4500012e+2
-0.335, 1.7277688e-7, -1.5429309e-7, 1.4533345e+2
-0.336, 1.7270386e-7, -1.5435236e-7, 1.4566678e+2
-0.337, 1.7282665e-7, -1.5440395e-7, 1.4600011e+2
-0.338, 1.7386272e-7, -1.5610640e-7, 1.4633344e+2
-0.339, 1.7451693e-7, -1.5601979e-7, 1.4666676e+2
-0.340, 1.7441189e-7, -1.5618667e-7, 1.4700009e+2
-0.341, 1.7463492e-7, -1.5628636e-7, 1.4733342e+2
-0.342, 1.7457013e-7, -1.5633093e-7, 1.4766675e+2
-0.343, 1.7460799e-7, -1.5631839e-7, 1.4800008e+2
-0.344, 1.7457430e-7, -1.5632334e-7, 1.4833340e+2
-0.345, 1.7457262e-7, -1.5628085e-7, 1.4866673e+2
-0.346, 1.7454546e-7, -1.5638221e-7, 1.4900006e+2
-0.347, 1.7457022e-7, -1.5636856e-7, 1.4933339e+2
-0.348, 1.7449663e-7, -1.5643901e-7, 1.4966672e+2
-0.349, 1.7474380e-7, -1.5657905e-7, 1.5000005e+2
-0.350, 1.7478453e-7, -1.5645962e-7, 1.5033337e+2
-0.351, 1.7485731e-7, -1.5686589e-7, 1.5066670e+2
-0.352, 1.7509888e-7, -1.5691597e-7, 1.5100003e+2
-0.353, 1.7502961e-7, -1.5701607e-7, 1.5133336e+2
-0.354, 1.7497041e-7, -1.5695457e-7, 1.5166669e+2
-0.355, 1.7502840e-7, -1.5678945e-7, 1.5200002e+2
-0.356, 1.7510830e-7, -1.5737537e-7, 1.5233334e+2
-0.357, 1.7524673e-7, -1.5737920e-7, 1.5266667e+2
-0.358, 1.7565070e-7, -1.5738480e-7, 1.5300000e+2
-0.359, 1.7559445e-7, -1.5739919e-7, 1.5333333e+2
-0.360, 1.7504647e-7, -1.5731666e-7, 1.5366666e+2
-0.361, 1.7549100e-7, -1.5757141e-7, 1.5399998e+2
-0.362, 1.7566906e-7, -1.5753922e-7, 1.5433331e+2
-0.363, 1.7566978e-7, -1.5780802e-7, 1.5466664e+2
-0.364, 1.7587172e-7, -1.5760152e-7, 1.5499997e+2
-0.365, 1.7602733e-7, -1.5800931e-7, 1.5533330e+2
-0.366, 1.7605272e-7, -1.5793567e-7, 1.5566663e+2
-0.367, 1.7581908e-7, -1.5773092e-7, 1.5599995e+2
-0.368, 1.7602342e-7, -1.5795979e-7, 1.5633328e+2
-0.369, 1.7599130e-7, -1.5821701e-7, 1.5666661e+2
-0.370, 1.7627360e-7, -1.5832909e-7, 1.5699994e+2
-0.371, 1.7640804e-7, -1.5820966e-7, 1.5733327e+2
-0.372, 1.7603267e-7, -1.5826342e-7, 1.5766660e+2
-0.373, 1.7649192e-7, -1.5823522e-7, 1.5799992e+2
-0.374, 1.7627544e-7, -1.5790060e-7, 1.5833325e+2
-0.375, 1.7608005e-7, -1.5798518e-7, 1.5866658e+2
-0.376, 1.7657035e-7, -1.5800252e-7, 1.5899991e+2
-0.377, 1.7610002e-7, -1.5818233e-7, 1.5933324e+2
-0.378, 1.7659752e-7, -1.5816364e-7, 1.5966656e+2
-0.379, 1.7631778e-7, -1.5846632e-7, 1.5999989e+2
-0.380, 1.7657635e-7, -1.5841009e-7, 1.6033322e+2
-0.381, 1.7655391e-7, -1.5836319e-7, 1.6066655e+2
-0.382, 1.7659345e-7, -1.5828515e-7, 1.6099988e+2
-0.383, 1.7683804e-7, -1.5854579e-7, 1.6133321e+2
-0.384, 1.7688900e-7, -1.5836279e-7, 1.6166653e+2
-0.385, 1.7681432e-7, -1.5878807e-7, 1.6199986e+2
-0.386, 1.7700124e-7, -1.5838684e-7, 1.6233319e+2
-0.387, 1.7686440e-7, -1.5853173e-7, 1.6266652e+2
-0.388, 1.7683556e-7, -1.5843908e-7, 1.6299985e+2
-0.389, 1.7667789e-7, -1.5841358e-7, 1.6333318e+2
-0.390, 1.7699725e-7, -1.5848964e-7, 1.6366650e+2
-0.391, 1.7672414e-7, -1.5836478e-7, 1.6399983e+2
-0.392, 1.7695922e-7, -1.5833524e-7, 1.6433316e+2
-0.393, 1.7695714e-7, -1.5842326e-7, 1.6466649e+2
-0.394, 1.7681160e-7, -1.5795931e-7, 1.6499982e+2
-0.395, 1.7674171e-7, -1.5847232e-7, 1.6533315e+2
-0.396, 1.7672373e-7, -1.5821270e-7, 1.6566647e+2
-0.397, 1.7644702e-7, -1.5819823e-7, 1.6599980e+2
-0.398, 1.7673716e-7, -1.5832110e-7, 1.6633313e+2
-0.399, 1.7688198e-7, -1.5809223e-7, 1.6666646e+2
-0.400, 1.7653370e-7, -1.5833690e-7, 1.6699979e+2
-0.401, 1.7686648e-7, -1.5833332e-7, 1.6733311e+2
-0.402, 1.7704430e-7, -1.5858893e-7, 1.6766644e+2
-0.403, 1.7781196e-7, -1.5925650e-7, 1.6799977e+2
-0.404, 1.7780845e-7, -1.5895384e-7, 1.6833310e+2
-0.405, 1.7775604e-7, -1.5931481e-7, 1.6866643e+2
-0.406, 1.7791299e-7, -1.5893291e-7, 1.6899976e+2
-0.407, 1.7747868e-7, -1.5895175e-7, 1.6933308e+2
-0.408, 1.7720942e-7, -1.5911559e-7, 1.6966641e+2
-0.409, 1.7761529e-7, -1.5922215e-7, 1.6999974e+2
-0.410, 1.7794017e-7, -1.5947346e-7, 1.7033307e+2
-0.411, 1.7841489e-7, -1.5887348e-7, 1.7066640e+2
-0.412, 1.7625963e-7, -1.5715474e-7, 1.7099973e+2
-0.413, 1.7567137e-7, -1.5708262e-7, 1.7133305e+2
-0.414, 1.7551945e-7, -1.5694434e-7, 1.7166638e+2
-0.415, 1.7602517e-7, -1.5727097e-7, 1.7199971e+2
-0.416, 1.7602702e-7, -1.5713302e-7, 1.7233304e+2
-0.417, 1.7599739e-7, -1.5720323e-7, 1.7266637e+2
-0.418, 1.7597701e-7, -1.5702238e-7, 1.7299969e+2
-0.419, 1.7622615e-7, -1.5726937e-7, 1.7333302e+2
-0.420, 1.7599889e-7, -1.5727815e-7, 1.7366635e+2
-0.421, 1.7599307e-7, -1.5734111e-7, 1.7399968e+2
-0.422, 1.7614252e-7, -1.5720180e-7, 1.7433301e+2
-0.423, 1.7607103e-7, -1.5725651e-7, 1.7466634e+2
-0.424, 1.7611056e-7, -1.5728439e-7, 1.7499966e+2
-0.425, 1.7609761e-7, -1.5704764e-7, 1.7533299e+2
-0.426, 1.7602868e-7, -1.5693851e-7, 1.7566632e+2
-0.427, 1.7602717e-7, -1.5683715e-7, 1.7599965e+2
-0.428, 1.7597924e-7, -1.5682252e-7, 1.7633298e+2
-0.429, 1.7562346e-7, -1.5695960e-7, 1.7666631e+2
-0.430, 1.7608748e-7, -1.5713390e-7, 1.7699963e+2
-0.431, 1.7637704e-7, -1.5723455e-7, 1.7733296e+2
-0.432, 1.7594553e-7, -1.5644324e-7, 1.7766629e+2
-0.433, 1.7572050e-7, -1.5713222e-7, 1.7799962e+2
-0.434, 1.7629438e-7, -1.5657002e-7, 1.7833295e+2
-0.435, 1.7604427e-7, -1.5687483e-7, 1.7866628e+2
-0.436, 1.7608085e-7, -1.5693483e-7, 1.7899960e+2
-0.437, 1.7605073e-7, -1.5678266e-7, 1.7933293e+2
-0.438, 1.7598003e-7, -1.5681901e-7, 1.7966626e+2
-0.439, 1.7618854e-7, -1.5727090e-7, 1.7999959e+2
-0.440, 1.7633910e-7, -1.5674911e-7, 1.8033292e+2
-0.441, 1.7586437e-7, -1.5640418e-7, 1.8066624e+2
-0.442, 1.7587500e-7, -1.5631200e-7, 1.8099957e+2
-0.443, 1.7577027e-7, -1.5630474e-7, 1.8133290e+2
-0.444, 1.7577347e-7, -1.5635513e-7, 1.8166623e+2
-0.445, 1.7564494e-7, -1.5587057e-7, 1.8199956e+2
-0.446, 1.7542638e-7, -1.5623061e-7, 1.8233289e+2
-0.447, 1.7615282e-7, -1.5681637e-7, 1.8266621e+2
-0.448, 1.7620906e-7, -1.5690871e-7, 1.8299954e+2
-0.449, 1.7650198e-7, -1.5633788e-7, 1.8333287e+2
-0.450, 1.7600880e-7, -1.5672538e-7, 1.8366620e+2
-0.451, 1.7677286e-7, -1.5728807e-7, 1.8399953e+2
-0.452, 1.7656269e-7, -1.5663464e-7, 1.8433286e+2
-0.453, 1.7655319e-7, -1.5681844e-7, 1.8466618e+2
-0.454, 1.7649280e-7, -1.5678019e-7, 1.8499951e+2
-0.455, 1.7652899e-7, -1.5677682e-7, 1.8533284e+2
-0.456, 1.7669161e-7, -1.5674823e-7, 1.8566617e+2
-0.457, 1.7654992e-7, -1.5672506e-7, 1.8599950e+2
-0.458, 1.7667460e-7, -1.5682851e-7, 1.8633282e+2
-0.459, 1.7695412e-7, -1.5692621e-7, 1.8666615e+2
-0.460, 1.7676096e-7, -1.5652951e-7, 1.8699948e+2
-0.461, 1.7695044e-7, -1.5657305e-7, 1.8733281e+2
-0.462, 1.7651620e-7, -1.5667433e-7, 1.8766614e+2
-0.463, 1.7678300e-7, -1.5638629e-7, 1.8799947e+2
-0.464, 1.7638951e-7, -1.5571352e-7, 1.8833279e+2
-0.465, 1.7604698e-7, -1.5575891e-7, 1.8866612e+2
-0.466, 1.7557457e-7, -1.5540839e-7, 1.8899945e+2
-0.467, 1.7561858e-7, -1.5531484e-7, 1.8933278e+2
-0.468, 1.7554093e-7, -1.5538481e-7, 1.8966611e+2
-0.469, 1.7566218e-7, -1.5525796e-7, 1.8999944e+2
-0.470, 1.7556138e-7, -1.5533473e-7, 1.9033276e+2
-0.471, 1.7559613e-7, -1.5517352e-7, 1.9066609e+2
-0.472, 1.7565397e-7, -1.5523072e-7, 1.9099942e+2
-0.473, 1.7564238e-7, -1.5501145e-7, 1.9133275e+2
-0.474, 1.7555027e-7, -1.5505219e-7, 1.9166608e+2
-0.475, 1.7563207e-7, -1.5498469e-7, 1.9199940e+2
-0.476, 1.7579822e-7, -1.5513000e-7, 1.9233273e+2
-0.477, 1.7576460e-7, -1.5500571e-7, 1.9266606e+2
-0.478, 1.7567042e-7, -1.5494172e-7, 1.9299939e+2
-0.479, 1.7569118e-7, -1.5490401e-7, 1.9333272e+2
-0.480, 1.7556370e-7, -1.5488044e-7, 1.9366605e+2
-0.481, 1.7558638e-7, -1.5483005e-7, 1.9399937e+2
-0.482, 1.7562137e-7, -1.5483027e-7, 1.9433270e+2
-0.483, 1.7562130e-7, -1.5467819e-7, 1.9466603e+2
-0.484, 1.7553886e-7, -1.5451452e-7, 1.9499936e+2
-0.485, 1.7560427e-7, -1.5450013e-7, 1.9533269e+2
-0.486, 1.7554197e-7, -1.5443648e-7, 1.9566602e+2
-0.487, 1.7551903e-7, -1.5439805e-7, 1.9599934e+2
-0.488, 1.7558814e-7, -1.5444485e-7, 1.9633267e+2
-0.489, 1.7559900e-7, -1.5429652e-7, 1.9666600e+2
-0.490, 1.7553118e-7, -1.5413596e-7, 1.9699933e+2
-0.491, 1.7548270e-7, -1.5409546e-7, 1.9733266e+2
-0.492, 1.7552591e-7, -1.5412685e-7, 1.9766599e+2
-0.493, 1.7552432e-7, -1.5397548e-7, 1.9799931e+2
-0.494, 1.7542989e-7, -1.5425027e-7, 1.9833264e+2
-0.495, 1.7595200e-7, -1.5387617e-7, 1.9866597e+2
-0.496, 1.7550626e-7, -1.5367624e-7, 1.9899930e+2
-0.497, 1.7549149e-7, -1.5363543e-7, 1.9933263e+2
-0.498, 1.7550114e-7, -1.5397524e-7, 1.9966595e+2
-0.499, 1.7639718e-7, -1.5441778e-7, 1.9999928e+2
