Dec. 21, 2005   01:11:16
Cyclic Voltammetry
File: d:\ida_biofilms\12_10_18_dphzstar\a_760b\25um_pyo\a_25um_pyo_gc_6.txt
Data Source:  Experiment
Instrument Model:  CHI760E
Header: 
Note: 

Init E (V) = 0.1
High E (V) = 0.1
Low E (V) = -0.5
Init P/N = N
Scan Rate (V/s) = 0.003
Segment = 1
Sample Interval (V) = 0.001
Quiet Time (sec) = 2
Sensitivity (A/V) = 1e-7
2nd E (V) = 0.1
Sens 2 (A/V) = 1e-7

Potential/V, i1/A, i2/A, Time/s

0.100, -9.9135740e-8, -7.7340687e-8, 3.3333334e-1
0.099, -8.0233285e-8, -6.9024651e-8, 6.6666669e-1
0.098, -6.8288962e-8, -6.2578074e-8, 1.0000000e+0
0.097, -5.9516882e-8, -5.7309027e-8, 1.3333334e+0
0.096, -5.2686801e-8, -5.2829606e-8, 1.6666667e+0
0.095, -4.7167166e-8, -4.9251970e-8, 2.0000000e+0
0.094, -4.2457287e-8, -4.5970367e-8, 2.3333333e+0
0.093, -3.8642717e-8, -4.3257280e-8, 2.6666665e+0
0.092, -3.5281875e-8, -4.0832244e-8, 2.9999998e+0
0.091, -3.2153963e-8, -3.8561460e-8, 3.3333330e+0
0.090, -2.9638345e-8, -3.6779152e-8, 3.6666663e+0
0.089, -2.7357656e-8, -3.4922628e-8, 3.9999995e+0
0.088, -2.5174421e-8, -3.3318777e-8, 4.3333330e+0
0.087, -2.3378133e-8, -3.1929162e-8, 4.6666665e+0
0.086, -2.1830992e-8, -3.0521015e-8, 5.0000000e+0
0.085, -2.0124570e-8, -2.9363616e-8, 5.3333335e+0
0.084, -1.8634385e-8, -2.7978874e-8, 5.6666670e+0
0.083, -1.7394548e-8, -2.6857739e-8, 6.0000005e+0
0.082, -1.6207194e-8, -2.5982642e-8, 6.3333340e+0
0.081, -1.4997072e-8, -2.4883317e-8, 6.6666675e+0
0.080, -1.4004629e-8, -2.4163427e-8, 7.0000010e+0
0.079, -1.3075848e-8, -2.3299831e-8, 7.3333344e+0
0.078, -1.2064872e-8, -2.2527699e-8, 7.6666679e+0
0.077, -1.1300409e-8, -2.1977318e-8, 8.0000010e+0
0.076, -1.0597932e-8, -2.1110367e-8, 8.3333340e+0
0.075, -9.5955830e-9, -2.0659995e-8, 8.6666670e+0
0.074, -9.1334700e-9, -1.9993946e-8, 9.0000000e+0
0.073, -8.3979232e-9, -1.9390923e-8, 9.3333330e+0
0.072, -7.8421900e-9, -1.9020831e-8, 9.6666660e+0
0.071, -7.1683912e-9, -1.8314923e-8, 9.9999990e+0
0.070, -6.7085155e-9, -1.7999071e-8, 1.0333332e+1
0.069, -6.1606897e-9, -1.7533685e-8, 1.0666665e+1
0.068, -5.6751714e-9, -1.6962373e-8, 1.0999998e+1
0.067, -5.1993188e-9, -1.6796619e-8, 1.1333331e+1
0.066, -4.7635669e-9, -1.6306947e-8, 1.1666664e+1
0.065, -4.2795660e-9, -1.5953793e-8, 1.1999997e+1
0.064, -3.8729708e-9, -1.5665261e-8, 1.2333330e+1
0.063, -3.5809249e-9, -1.5259864e-8, 1.2666663e+1
0.062, -3.1106642e-9, -1.5031484e-8, 1.2999996e+1
0.061, -2.7286722e-9, -1.4675692e-8, 1.3333329e+1
0.060, -2.6030988e-9, -1.4363037e-8, 1.3666662e+1
0.059, -1.9523863e-9, -1.4212382e-8, 1.3999995e+1
0.058, -1.8189047e-9, -1.3799556e-8, 1.4333328e+1
0.057, -1.4482557e-9, -1.3650816e-8, 1.4666661e+1
0.056, -1.1683519e-9, -1.3360289e-8, 1.4999994e+1
0.055, -1.0039563e-9, -1.3031737e-8, 1.5333327e+1
0.054, -6.6070660e-10, -1.2943628e-8, 1.5666660e+1
0.053, -3.9366363e-10, -1.2615475e-8, 1.5999993e+1
0.052, -2.6225896e-10, -1.2448684e-8, 1.6333326e+1
0.051, 1.0759116e-10, -1.2337888e-8, 1.6666660e+1
0.050, 1.9450194e-10, -1.1947029e-8, 1.6999994e+1
0.049, 6.6308531e-10, -1.1902056e-8, 1.7333328e+1
0.048, 6.8129824e-10, -1.1715933e-8, 1.7666662e+1
0.047, 7.1884243e-10, -1.1451606e-8, 1.7999996e+1
0.046, 1.0936452e-9, -1.1406633e-8, 1.8333330e+1
0.045, 1.1744850e-9, -1.1087427e-8, 1.8666664e+1
0.044, 1.3538983e-9, -1.0998759e-8, 1.8999998e+1
0.043, 1.6498583e-9, -1.0894115e-8, 1.9333332e+1
0.042, 1.7076124e-9, -1.0640971e-8, 1.9666666e+1
0.041, 1.8496413e-9, -1.0654951e-8, 2.0000000e+1
0.040, 2.1456812e-9, -1.0416505e-8, 2.0333334e+1
0.039, 2.1432847e-9, -1.0333988e-8, 2.0666668e+1
0.038, 2.3473812e-9, -1.0224550e-8, 2.1000002e+1
0.037, 2.4914071e-9, -9.9597441e-9, 2.1333336e+1
0.036, 2.7010154e-9, -9.9594244e-9, 2.1666670e+1
0.035, 2.7472669e-9, -9.7127515e-9, 2.2000004e+1
0.034, 2.8223550e-9, -9.6604289e-9, 2.2333338e+1
0.033, 3.1173566e-9, -9.5328589e-9, 2.2666672e+1
0.032, 3.1487499e-9, -9.3818029e-9, 2.3000006e+1
0.031, 3.1898886e-9, -9.4156727e-9, 2.3333340e+1
0.030, 3.4098815e-9, -9.1653254e-9, 2.3666674e+1
0.029, 3.4300915e-9, -9.0792929e-9, 2.4000008e+1
0.028, 3.6287562e-9, -9.0598018e-9, 2.4333342e+1
0.027, 3.7329211e-9, -8.8595389e-9, 2.4666676e+1
0.026, 3.6852323e-9, -8.8928500e-9, 2.5000010e+1
0.025, 3.9922159e-9, -8.7097627e-9, 2.5333344e+1
0.024, 4.0327954e-9, -8.5639789e-9, 2.5666677e+1
0.023, 4.1231414e-9, -8.6071950e-9, 2.6000011e+1
0.022, 4.2009454e-9, -8.4146006e-9, 2.6333345e+1
0.021, 4.2421644e-9, -8.4095690e-9, 2.6666679e+1
0.020, 4.4187818e-9, -8.3142702e-9, 2.7000013e+1
0.019, 4.5652837e-9, -8.1042630e-9, 2.7333347e+1
0.018, 4.5963575e-9, -8.2402201e-9, 2.7666681e+1
0.017, 4.6322244e-9, -8.0107210e-9, 2.8000015e+1
0.016, 4.6280704e-9, -7.9801268e-9, 2.8333349e+1
0.015, 4.8435105e-9, -7.9480147e-9, 2.8666683e+1
0.014, 4.8954329e-9, -7.7486311e-9, 2.9000017e+1
0.013, 4.9281041e-9, -7.8345028e-9, 2.9333351e+1
0.012, 5.0647810e-9, -7.6326439e-9, 2.9666685e+1
0.011, 5.1046420e-9, -7.5834361e-9, 3.0000019e+1
0.010, 5.1682276e-9, -7.5759274e-9, 3.0333353e+1
0.009, 5.1636739e-9, -7.4385325e-9, 3.0666687e+1
0.008, 5.3240758e-9, -7.4507547e-9, 3.1000021e+1
0.007, 5.5267346e-9, -7.4321420e-9, 3.1333355e+1
0.006, 5.4909477e-9, -7.2468969e-9, 3.1666689e+1
0.005, 5.5528555e-9, -7.3572131e-9, 3.2000023e+1
0.004, 5.6179585e-9, -7.1154922e-9, 3.2333355e+1
0.003, 5.6077338e-9, -7.1139747e-9, 3.2666687e+1
0.002, 5.7384195e-9, -7.0978388e-9, 3.3000019e+1
0.001, 5.8017657e-9, -6.9623596e-9, 3.3333351e+1
-0.000, 5.7243605e-9, -7.0094104e-9, 3.3666683e+1
-0.001, 6.0113741e-9, -6.8366268e-9, 3.4000015e+1
-0.002, 6.0092971e-9, -6.8699375e-9, 3.4333347e+1
-0.003, 6.0605010e-9, -6.8579555e-9, 3.4666679e+1
-0.004, 6.0841456e-9, -6.7002701e-9, 3.5000011e+1
-0.005, 6.1771273e-9, -6.7942896e-9, 3.5333344e+1
-0.006, 6.3194761e-9, -6.6548975e-9, 3.5666676e+1
-0.007, 6.2983072e-9, -6.5977024e-9, 3.6000008e+1
-0.008, 6.3559020e-9, -6.6301338e-9, 3.6333340e+1
-0.009, 6.3995964e-9, -6.4980106e-9, 3.6666672e+1
-0.010, 6.5096728e-9, -6.5125487e-9, 3.7000004e+1
-0.011, 6.5902732e-9, -6.5027237e-9, 3.7333336e+1
-0.012, 6.5955454e-9, -6.3209140e-9, 3.7666668e+1
-0.013, 6.6458701e-9, -6.4661378e-9, 3.8000000e+1
-0.014, 6.6651218e-9, -6.2594050e-9, 3.8333332e+1
-0.015, 6.7692869e-9, -6.2189853e-9, 3.8666664e+1
-0.016, 6.8092278e-9, -6.3084520e-9, 3.8999996e+1
-0.017, 6.8170563e-9, -6.0336611e-9, 3.9333328e+1
-0.018, 6.7655326e-9, -6.2628405e-9, 3.9666660e+1
-0.019, 6.8910264e-9, -6.1115446e-9, 3.9999992e+1
-0.020, 6.9152302e-9, -6.0493974e-9, 4.0333324e+1
-0.021, 7.0576585e-9, -6.0704863e-9, 4.0666656e+1
-0.022, 7.0884929e-9, -5.9637646e-9, 4.0999989e+1
-0.023, 7.0434392e-9, -6.0086580e-9, 4.1333321e+1
-0.024, 7.1244388e-9, -5.9374834e-9, 4.1666653e+1
-0.025, 7.0763506e-9, -5.8601590e-9, 4.1999985e+1
-0.026, 7.3112010e-9, -5.9536198e-9, 4.2333317e+1
-0.027, 7.2246107e-9, -5.7133369e-9, 4.2666649e+1
-0.028, 7.2621540e-9, -5.8333187e-9, 4.2999981e+1
-0.029, 7.4017867e-9, -5.7746856e-9, 4.3333313e+1
-0.030, 7.3553759e-9, -5.6267457e-9, 4.3666645e+1
-0.031, 7.4867801e-9, -5.7056684e-9, 4.3999977e+1
-0.032, 7.5031554e-9, -5.5914384e-9, 4.4333309e+1
-0.033, 7.4655322e-9, -5.5720268e-9, 4.4666641e+1
-0.034, 7.6216198e-9, -5.6355329e-9, 4.4999973e+1
-0.035, 7.5391826e-9, -5.4978977e-9, 4.5333305e+1
-0.036, 7.5250437e-9, -5.5757017e-9, 4.5666637e+1
-0.037, 7.6079605e-9, -5.5082818e-9, 4.5999969e+1
-0.038, 7.5776851e-9, -5.4849565e-9, 4.6333302e+1
-0.039, 7.5368662e-9, -5.5510183e-9, 4.6666634e+1
-0.040, 7.6706668e-9, -5.3864628e-9, 4.6999966e+1
-0.041, 7.5611499e-9, -5.4361489e-9, 4.7333298e+1
-0.042, 7.6969480e-9, -5.3900577e-9, 4.7666630e+1
-0.043, 7.6508568e-9, -5.2626468e-9, 4.7999962e+1
-0.044, 7.8237994e-9, -5.4276819e-9, 4.8333294e+1
-0.045, 7.7543829e-9, -5.1597602e-9, 4.8666626e+1
-0.046, 7.7082110e-9, -5.3162474e-9, 4.8999958e+1
-0.047, 7.9766114e-9, -5.2759872e-9, 4.9333290e+1
-0.048, 7.8373787e-9, -5.1065592e-9, 4.9666622e+1
-0.049, 7.8359408e-9, -5.2745492e-9, 4.9999954e+1
-0.050, 7.9802867e-9, -5.0867488e-9, 5.0333286e+1
-0.051, 7.9486533e-9, -5.0969735e-9, 5.0666618e+1
-0.052, 7.9937870e-9, -5.1168638e-9, 5.0999950e+1
-0.053, 8.0017744e-9, -5.0371423e-9, 5.1333282e+1
-0.054, 7.9837221e-9, -5.0783608e-9, 5.1666615e+1
-0.055, 8.0215852e-9, -5.0325091e-9, 5.1999947e+1
-0.056, 8.0217450e-9, -4.9991988e-9, 5.2333279e+1
-0.057, 8.0196676e-9, -5.0470477e-9, 5.2666611e+1
-0.058, 8.0440321e-9, -4.9373705e-9, 5.2999943e+1
-0.059, 8.0123197e-9, -4.9900923e-9, 5.3333275e+1
-0.060, 8.0138367e-9, -4.9617341e-9, 5.3666607e+1
-0.061, 8.0326092e-9, -4.8379185e-9, 5.3999939e+1
-0.062, 8.0553750e-9, -4.9742761e-9, 5.4333271e+1
-0.063, 8.1060199e-9, -4.7819215e-9, 5.4666603e+1
-0.064, 8.0608871e-9, -4.8776196e-9, 5.4999935e+1
-0.065, 8.0592892e-9, -4.8776196e-9, 5.5333267e+1
-0.066, 8.1167233e-9, -4.6994044e-9, 5.5666599e+1
-0.067, 8.1066585e-9, -4.8636402e-9, 5.5999931e+1
-0.068, 8.0842124e-9, -4.7107478e-9, 5.6333263e+1
-0.069, 8.1939691e-9, -4.7368687e-9, 5.6666595e+1
-0.070, 8.1564249e-9, -4.7647473e-9, 5.6999928e+1
-0.071, 8.0776621e-9, -4.6232778e-9, 5.7333260e+1
-0.072, 8.2185725e-9, -4.7457358e-9, 5.7666592e+1
-0.073, 8.1448421e-9, -4.6303072e-9, 5.7999924e+1
-0.074, 8.1311029e-9, -4.6147304e-9, 5.8333256e+1
-0.075, 8.2252027e-9, -4.6529136e-9, 5.8666588e+1
-0.076, 8.1207974e-9, -4.5714343e-9, 5.8999920e+1
-0.077, 8.2519627e-9, -4.6058637e-9, 5.9333252e+1
-0.078, 8.2148981e-9, -4.5868518e-9, 5.9666584e+1
-0.079, 8.2089064e-9, -4.5133608e-9, 5.9999916e+1
-0.080, 8.3366372e-9, -4.5590531e-9, 6.0333248e+1
-0.081, 8.0865288e-9, -4.5699968e-9, 6.0666580e+1
-0.082, 8.2008382e-9, -4.5415591e-9, 6.0999912e+1
-0.083, 8.3513347e-9, -4.5542601e-9, 6.1333244e+1
-0.084, 8.2040339e-9, -4.4858819e-9, 6.1666576e+1
-0.085, 8.2967757e-9, -4.5177546e-9, 6.1999908e+1
-0.086, 8.3440659e-9, -4.4615982e-9, 6.2333241e+1
-0.087, 8.2109839e-9, -4.4237343e-9, 6.2666573e+1
-0.088, 8.4399234e-9, -4.5048139e-9, 6.2999905e+1
-0.089, 8.1672882e-9, -4.3484865e-9, 6.3333237e+1
-0.090, 8.1349363e-9, -4.4866808e-9, 6.3666569e+1
-0.091, 8.3375156e-9, -4.3902642e-9, 6.3999901e+1
-0.092, 8.2140197e-9, -4.3531192e-9, 6.4333237e+1
-0.093, 8.3849647e-9, -4.4558468e-9, 6.4666573e+1
-0.094, 8.2393417e-9, -4.2324184e-9, 6.4999908e+1
-0.095, 8.3302458e-9, -4.3790807e-9, 6.5333244e+1
-0.096, 8.4437577e-9, -4.2987200e-9, 6.5666580e+1
-0.097, 8.2472500e-9, -4.2546260e-9, 6.5999916e+1
-0.098, 8.4620506e-9, -4.3612669e-9, 6.6333252e+1
-0.099, 8.3094767e-9, -4.1477448e-9, 6.6666588e+1
-0.100, 8.3563680e-9, -4.3238826e-9, 6.6999924e+1
-0.101, 8.4910479e-9, -4.2065373e-9, 6.7333260e+1
-0.102, 8.4188354e-9, -4.1394368e-9, 6.7666595e+1
-0.103, 8.5219618e-9, -4.2006256e-9, 6.7999931e+1
-0.104, 8.2765661e-9, -4.1552535e-9, 6.8333267e+1
-0.105, 8.2996516e-9, -4.2233119e-9, 6.8666603e+1
-0.106, 8.4277820e-9, -4.1991082e-9, 6.8999939e+1
-0.107, 8.3774561e-9, -4.0865555e-9, 6.9333275e+1
-0.108, 8.4676426e-9, -4.2212354e-9, 6.9666611e+1
-0.109, 8.4425595e-9, -4.0885526e-9, 6.9999947e+1
-0.110, 8.3649949e-9, -4.1015733e-9, 7.0333282e+1
-0.111, 8.4570182e-9, -4.1276942e-9, 7.0666618e+1
-0.112, 8.4455145e-9, -4.0310382e-9, 7.0999954e+1
-0.113, 8.3948706e-9, -4.1034904e-9, 7.1333290e+1
-0.114, 8.4995948e-9, -4.0618722e-9, 7.1666626e+1
-0.115, 8.4574969e-9, -4.0305590e-9, 7.1999962e+1
-0.116, 8.4720355e-9, -4.0960613e-9, 7.2333298e+1
-0.117, 8.5099794e-9, -3.9979673e-9, 7.2666634e+1
-0.118, 8.4156397e-9, -4.0379877e-9, 7.2999969e+1
-0.119, 8.5027896e-9, -4.0549226e-9, 7.3333305e+1
-0.120, 8.4742728e-9, -3.9462043e-9, 7.3666641e+1
-0.121, 8.4820204e-9, -4.0685024e-9, 7.3999977e+1
-0.122, 8.4745118e-9, -3.9720858e-9, 7.4333313e+1
-0.123, 8.5030294e-9, -3.9612220e-9, 7.4666649e+1
-0.124, 8.5289118e-9, -4.0229700e-9, 7.4999985e+1
-0.125, 8.4818614e-9, -3.9370178e-9, 7.5333321e+1
-0.126, 8.4569383e-9, -3.9811923e-9, 7.5666656e+1
-0.127, 8.5543137e-9, -3.9696895e-9, 7.5999992e+1
-0.128, 8.4935232e-9, -3.8613703e-9, 7.6333328e+1
-0.129, 8.5318659e-9, -4.0095500e-9, 7.6666664e+1
-0.130, 8.5781977e-9, -3.8129624e-9, 7.7000000e+1
-0.131, 8.5706890e-9, -3.8504266e-9, 7.7333336e+1
-0.132, 8.5471239e-9, -3.9368580e-9, 7.7666672e+1
-0.133, 8.5125347e-9, -3.7069601e-9, 7.8000008e+1
-0.134, 8.3971869e-9, -3.9786361e-9, 7.8333344e+1
-0.135, 8.5805141e-9, -3.7973056e-9, 7.8666679e+1
-0.136, 8.4706775e-9, -3.8419592e-9, 7.9000015e+1
-0.137, 8.5283522e-9, -3.9259946e-9, 7.9333351e+1
-0.138, 8.5288310e-9, -3.7181433e-9, 7.9666687e+1
-0.139, 8.5394554e-9, -3.8495478e-9, 8.0000023e+1
-0.140, 8.6095113e-9, -3.8295775e-9, 8.0333359e+1
-0.141, 8.5320266e-9, -3.7215782e-9, 8.0666695e+1
-0.142, 8.5629406e-9, -3.8896482e-9, 8.1000031e+1
-0.143, 8.5878638e-9, -3.6707737e-9, 8.1333366e+1
-0.144, 8.5882625e-9, -3.8197521e-9, 8.1666702e+1
-0.145, 8.5924965e-9, -3.7516932e-9, 8.2000038e+1
-0.146, 8.6524876e-9, -3.6588714e-9, 8.2333374e+1
-0.147, 8.5913783e-9, -3.7647943e-9, 8.2666710e+1
-0.148, 8.6548839e-9, -3.6555163e-9, 8.3000046e+1
-0.149, 8.7127976e-9, -3.7116730e-9, 8.3333382e+1
-0.150, 8.5992067e-9, -3.7248533e-9, 8.3666718e+1
-0.151, 8.5345828e-9, -3.6345873e-9, 8.4000053e+1
-0.152, 8.6836414e-9, -3.7592822e-9, 8.4333389e+1
-0.153, 8.6194962e-9, -3.7101553e-9, 8.4666725e+1
-0.154, 8.6932266e-9, -3.6453713e-9, 8.5000061e+1
-0.155, 8.7647205e-9, -3.7433860e-9, 8.5333397e+1
-0.156, 8.7142356e-9, -3.6012768e-9, 8.5666733e+1
-0.157, 8.7315692e-9, -3.6872294e-9, 8.6000069e+1
-0.158, 8.8655305e-9, -3.6682175e-9, 8.6333405e+1
-0.159, 8.8301428e-9, -3.5875374e-9, 8.6666740e+1
-0.160, 8.9194510e-9, -3.6853121e-9, 8.7000076e+1
-0.161, 8.7786995e-9, -3.5688452e-9, 8.7333412e+1
-0.162, 8.9809591e-9, -3.6520016e-9, 8.7666748e+1
-0.163, 8.9813588e-9, -3.6449719e-9, 8.8000084e+1
-0.164, 8.9148973e-9, -3.5527092e-9, 8.8333420e+1
-0.165, 9.0237755e-9, -3.6333097e-9, 8.8666756e+1
-0.166, 8.9871106e-9, -3.5747565e-9, 8.9000092e+1
-0.167, 8.9631458e-9, -3.5869780e-9, 8.9333427e+1
-0.168, 9.0919139e-9, -3.6302739e-9, 8.9666763e+1
-0.169, 8.9568344e-9, -3.5375320e-9, 9.0000099e+1
-0.170, 9.0132311e-9, -3.6189307e-9, 9.0333435e+1
-0.171, 9.1271417e-9, -3.5696439e-9, 9.0666771e+1
-0.172, 8.9671399e-9, -3.5616559e-9, 9.1000107e+1
-0.173, 9.1031778e-9, -3.6106234e-9, 9.1333443e+1
-0.174, 9.0876009e-9, -3.5187600e-9, 9.1666779e+1
-0.175, 9.1306562e-9, -3.5907328e-9, 9.2000114e+1
-0.176, 9.1160377e-9, -3.5415260e-9, 9.2333450e+1
-0.177, 9.0851238e-9, -3.5378513e-9, 9.2666786e+1
-0.178, 9.3157411e-9, -3.5761145e-9, 9.3000122e+1
-0.179, 9.2440873e-9, -3.4855292e-9, 9.3333458e+1
-0.180, 9.3017620e-9, -3.5523098e-9, 9.3666794e+1
-0.181, 9.4383594e-9, -3.5372123e-9, 9.4000130e+1
-0.182, 9.3130250e-9, -3.4783398e-9, 9.4333466e+1
-0.183, 9.4125570e-9, -3.5757948e-9, 9.4666801e+1
-0.184, 9.4631218e-9, -3.4860883e-9, 9.5000137e+1
-0.185, 9.3556825e-9, -3.5223544e-9, 9.5333473e+1
-0.186, 9.4930774e-9, -3.5551058e-9, 9.5666809e+1
-0.187, 9.4680752e-9, -3.4344052e-9, 9.6000145e+1
-0.188, 9.4858077e-9, -3.5382506e-9, 9.6333481e+1
-0.189, 9.5291046e-9, -3.4671563e-9, 9.6666817e+1
-0.190, 9.4706314e-9, -3.4652394e-9, 9.7000153e+1
-0.191, 9.5897343e-9, -3.5098129e-9, 9.7333488e+1
-0.192, 9.5372519e-9, -3.3771304e-9, 9.7666824e+1
-0.193, 9.5525889e-9, -3.4982302e-9, 9.8000160e+1
-0.194, 9.7640340e-9, -3.3852783e-9, 9.8333496e+1
-0.195, 9.4973913e-9, -3.4627627e-9, 9.8666832e+1
-0.196, 9.5631334e-9, -3.5203573e-9, 9.9000168e+1
-0.197, 9.6498045e-9, -3.3438996e-9, 9.9333504e+1
-0.198, 9.6109023e-9, -3.4534968e-9, 9.9666840e+1
-0.199, 9.8366471e-9, -3.4638812e-9, 1.0000018e+2
-0.200, 9.7633963e-9, -3.3496510e-9, 1.0033351e+2
-0.201, 9.8618091e-9, -3.5068575e-9, 1.0066685e+2
-0.202, 9.8950403e-9, -3.3272844e-9, 1.0100018e+2
-0.203, 9.8683595e-9, -3.4198668e-9, 1.0133352e+2
-0.204, 9.9682911e-9, -3.4071654e-9, 1.0166685e+2
-0.205, 9.6463699e-9, -3.3427014e-9, 1.0200019e+2
-0.206, 9.9493596e-9, -3.4846503e-9, 1.0233353e+2
-0.207, 1.0018217e-8, -3.2966101e-9, 1.0266686e+2
-0.208, 9.9940127e-9, -3.3784882e-9, 1.0300020e+2
-0.209, 1.0018217e-8, -3.4338459e-9, 1.0333353e+2
-0.210, 1.0045057e-8, -3.2662553e-9, 1.0366687e+2
-0.211, 1.0056160e-8, -3.4530174e-9, 1.0400021e+2
-0.212, 1.0082202e-8, -3.3367902e-9, 1.0433354e+2
-0.213, 1.0208414e-8, -3.3053171e-9, 1.0466688e+2
-0.214, 1.0157450e-8, -3.4697127e-9, 1.0500021e+2
-0.215, 1.0170231e-8, -3.2530747e-9, 1.0533355e+2
-0.216, 1.0268006e-8, -3.4145944e-9, 1.0566689e+2
-0.217, 1.0366659e-8, -3.3716183e-9, 1.0600022e+2
-0.218, 1.0304351e-8, -3.2647376e-9, 1.0633356e+2
-0.219, 1.0401248e-8, -3.4699523e-9, 1.0666689e+2
-0.220, 1.0413229e-8, -3.2708884e-9, 1.0700023e+2
-0.221, 1.0422975e-8, -3.3506096e-9, 1.0733356e+2
-0.222, 1.0447739e-8, -3.4001362e-9, 1.0766690e+2
-0.223, 1.0502936e-8, -3.2450065e-9, 1.0800024e+2
-0.224, 1.0521709e-8, -3.4660381e-9, 1.0833357e+2
-0.225, 1.0518992e-8, -3.2948528e-9, 1.0866691e+2
-0.226, 1.0581939e-8, -3.3484531e-9, 1.0900024e+2
-0.227, 1.0594800e-8, -3.4085237e-9, 1.0933358e+2
-0.228, 1.0598874e-8, -3.2651368e-9, 1.0966692e+2
-0.229, 1.0759355e-8, -3.4175500e-9, 1.1000025e+2
-0.230, 1.0718935e-8, -3.2848675e-9, 1.1033359e+2
-0.231, 1.0849541e-8, -3.3604350e-9, 1.1066692e+2
-0.232, 1.0860165e-8, -3.4360028e-9, 1.1100026e+2
-0.233, 1.0819505e-8, -3.3264858e-9, 1.1133360e+2
-0.234, 1.0861124e-8, -3.4012546e-9, 1.1166693e+2
-0.235, 1.0806804e-8, -3.4230621e-9, 1.1200027e+2
-0.236, 1.0870949e-8, -3.3053968e-9, 1.1233360e+2
-0.237, 1.0966008e-8, -3.4970322e-9, 1.1266694e+2
-0.238, 1.0946517e-8, -3.3125862e-9, 1.1300027e+2
-0.239, 1.1005869e-8, -3.3843197e-9, 1.1333361e+2
-0.240, 1.1038380e-8, -3.4494230e-9, 1.1366695e+2
-0.241, 1.0973597e-8, -3.3121068e-9, 1.1400028e+2
-0.242, 1.1117063e-8, -3.4950349e-9, 1.1433362e+2
-0.243, 1.1136314e-8, -3.4206655e-9, 1.1466695e+2
-0.244, 1.1087667e-8, -3.3942249e-9, 1.1500029e+2
-0.245, 1.1364295e-8, -3.5000676e-9, 1.1533363e+2
-0.246, 1.1213160e-8, -3.4050887e-9, 1.1566696e+2
-0.247, 1.1271633e-8, -3.5051801e-9, 1.1600030e+2
-0.248, 1.1433473e-8, -3.4468666e-9, 1.1633363e+2
-0.249, 1.1359264e-8, -3.4311298e-9, 1.1666697e+2
-0.250, 1.1462949e-8, -3.5471976e-9, 1.1700031e+2
-0.251, 1.1443937e-8, -3.4786594e-9, 1.1733364e+2
-0.252, 1.1454482e-8, -3.5343364e-9, 1.1766698e+2
-0.253, 1.1542431e-8, -3.5526295e-9, 1.1800031e+2
-0.254, 1.1498975e-8, -3.4632421e-9, 1.1833365e+2
-0.255, 1.1605777e-8, -3.5900936e-9, 1.1866698e+2
-0.256, 1.1620874e-8, -3.5229932e-9, 1.1900032e+2
-0.257, 1.1580614e-8, -3.5439223e-9, 1.1933366e+2
-0.258, 1.1868826e-8, -3.5793897e-9, 1.1966699e+2
-0.259, 1.1729113e-8, -3.5150853e-9, 1.2000033e+2
-0.260, 1.1813787e-8, -3.5920906e-9, 1.2033366e+2
-0.261, 1.1930494e-8, -3.5661292e-9, 1.2066700e+2
-0.262, 1.1860678e-8, -3.5551058e-9, 1.2100034e+2
-0.263, 1.1956216e-8, -3.6213272e-9, 1.2133367e+2
-0.264, 1.1965802e-8, -3.5551855e-9, 1.2166701e+2
-0.265, 1.1966360e-8, -3.5992802e-9, 1.2200034e+2
-0.266, 1.2020919e-8, -3.6201291e-9, 1.2233368e+2
-0.267, 1.1980259e-8, -3.5728391e-9, 1.2266702e+2
-0.268, 1.2126682e-8, -3.6742087e-9, 1.2300035e+2
-0.269, 1.2040570e-8, -3.5735581e-9, 1.2333369e+2
-0.270, 1.2091854e-8, -3.6745280e-9, 1.2366702e+2
-0.271, 1.2370640e-8, -3.6504042e-9, 1.2400036e+2
-0.272, 1.2221421e-8, -3.6239631e-9, 1.2433369e+2
-0.273, 1.2333574e-8, -3.7074390e-9, 1.2466703e+2
-0.274, 1.2396841e-8, -3.6079071e-9, 1.2500037e+2
-0.275, 1.2316799e-8, -3.7109540e-9, 1.2533370e+2
-0.276, 1.2422403e-8, -3.7025665e-9, 1.2566704e+2
-0.277, 1.2442054e-8, -3.6166941e-9, 1.2600037e+2
-0.278, 1.2433586e-8, -3.7829269e-9, 1.2633371e+2
-0.279, 1.2468814e-8, -3.6725314e-9, 1.2666705e+2
-0.280, 1.2469133e-8, -3.6794008e-9, 1.2700038e+2
-0.281, 1.2493816e-8, -3.7905159e-9, 1.2733372e+2
-0.282, 1.2502204e-8, -3.6363450e-9, 1.2766705e+2
-0.283, 1.2574497e-8, -3.8076902e-9, 1.2800038e+2
-0.284, 1.2575056e-8, -3.7250929e-9, 1.2833371e+2
-0.285, 1.2582564e-8, -3.7194214e-9, 1.2866704e+2
-0.286, 1.2590632e-8, -3.7877199e-9, 1.2900037e+2
-0.287, 1.2646709e-8, -3.6516821e-9, 1.2933369e+2
-0.288, 1.2634247e-8, -3.7691872e-9, 1.2966702e+2
-0.289, 1.2756546e-8, -3.7850838e-9, 1.3000035e+2
-0.290, 1.2800481e-8, -3.6926613e-9, 1.3033368e+2
-0.291, 1.2814540e-8, -3.8321337e-9, 1.3066701e+2
-0.292, 1.2883397e-8, -3.6795604e-9, 1.3100034e+2
-0.293, 1.2894261e-8, -3.7984242e-9, 1.3133366e+2
-0.294, 1.2899452e-8, -3.8140007e-9, 1.3166699e+2
-0.295, 1.2897137e-8, -3.6827561e-9, 1.3200032e+2
-0.296, 1.2937157e-8, -3.8888497e-9, 1.3233365e+2
-0.297, 1.2930528e-8, -3.7459418e-9, 1.3266698e+2
-0.298, 1.2918066e-8, -3.7536108e-9, 1.3300031e+2
-0.299, 1.2984447e-8, -3.8917252e-9, 1.3333363e+2
-0.300, 1.2963438e-8, -3.6817174e-9, 1.3366696e+2
-0.301, 1.2998985e-8, -3.8521843e-9, 1.3400029e+2
-0.302, 1.3008730e-8, -3.8159977e-9, 1.3433362e+2
-0.303, 1.3044597e-8, -3.7236549e-9, 1.3466695e+2
-0.304, 1.3027902e-8, -3.8813406e-9, 1.3500027e+2
-0.305, 1.3079984e-8, -3.7344390e-9, 1.3533360e+2
-0.306, 1.3181594e-8, -3.8082493e-9, 1.3566693e+2
-0.307, 1.3220975e-8, -3.8616097e-9, 1.3600026e+2
-0.308, 1.3171769e-8, -3.6882677e-9, 1.3633359e+2
-0.309, 1.3318989e-8, -3.9055448e-9, 1.3666692e+2
-0.310, 1.3250612e-8, -3.7844448e-9, 1.3700024e+2
-0.311, 1.3294307e-8, -3.8000216e-9, 1.3733357e+2
-0.312, 1.3362206e-8, -3.9092192e-9, 1.3766690e+2
-0.313, 1.3285040e-8, -3.6950578e-9, 1.3800023e+2
-0.314, 1.3330973e-8, -3.8870125e-9, 1.3833356e+2
-0.315, 1.3395677e-8, -3.8175156e-9, 1.3866689e+2
-0.316, 1.3383454e-8, -3.7826071e-9, 1.3900021e+2
-0.317, 1.3359251e-8, -3.9330237e-9, 1.3933354e+2
-0.318, 1.3408696e-8, -3.7316430e-9, 1.3966687e+2
-0.319, 1.3423874e-8, -3.8826187e-9, 1.4000020e+2
-0.320, 1.3418442e-8, -3.8563379e-9, 1.4033353e+2
-0.321, 1.3401427e-8, -3.7139893e-9, 1.4066685e+2
-0.322, 1.3451912e-8, -3.9223198e-9, 1.4100018e+2
-0.323, 1.3449996e-8, -3.7977053e-9, 1.4133351e+2
-0.324, 1.3430503e-8, -3.8285388e-9, 1.4166684e+2
-0.325, 1.3505193e-8, -3.8913259e-9, 1.4200017e+2
-0.326, 1.3461738e-8, -3.7294066e-9, 1.4233350e+2
-0.327, 1.3550565e-8, -3.9228789e-9, 1.4266682e+2
-0.328, 1.3502238e-8, -3.8499475e-9, 1.4300015e+2
-0.329, 1.3455106e-8, -3.7818086e-9, 1.4333348e+2
-0.330, 1.3519172e-8, -3.9339820e-9, 1.4366681e+2
-0.331, 1.3536027e-8, -3.7336401e-9, 1.4400014e+2
-0.332, 1.3505033e-8, -3.8767873e-9, 1.4433347e+2
-0.333, 1.3671185e-8, -3.8767074e-9, 1.4466679e+2
-0.334, 1.3502157e-8, -3.7699062e-9, 1.4500012e+2
-0.335, 1.3643308e-8, -3.9456451e-9, 1.4533345e+2
-0.336, 1.3589148e-8, -3.7695869e-9, 1.4566678e+2
-0.337, 1.3524124e-8, -3.8700776e-9, 1.4600011e+2
-0.338, 1.3797957e-8, -3.9027492e-9, 1.4633344e+2
-0.339, 1.3579881e-8, -3.7573651e-9, 1.4666676e+2
-0.340, 1.3662559e-8, -3.9391743e-9, 1.4700009e+2
-0.341, 1.3795641e-8, -3.8112047e-9, 1.4733342e+2
-0.342, 1.3629088e-8, -3.8213499e-9, 1.4766675e+2
-0.343, 1.3751785e-8, -3.9377368e-9, 1.4800008e+2
-0.344, 1.3766724e-8, -3.7336401e-9, 1.4833340e+2
-0.345, 1.3654651e-8, -3.9459644e-9, 1.4866673e+2
-0.346, 1.3729578e-8, -3.8310155e-9, 1.4900006e+2
-0.347, 1.3770318e-8, -3.8243853e-9, 1.4933339e+2
-0.348, 1.3808902e-8, -3.9489998e-9, 1.4966672e+2
-0.349, 1.3718556e-8, -3.7560870e-9, 1.5000005e+2
-0.350, 1.3727422e-8, -3.9331036e-9, 1.5033337e+2
-0.351, 1.3878478e-8, -3.8545007e-9, 1.5066670e+2
-0.352, 1.3793804e-8, -3.8042551e-9, 1.5100003e+2
-0.353, 1.3811937e-8, -3.9562691e-9, 1.5133336e+2
-0.354, 1.3837817e-8, -3.7701460e-9, 1.5166669e+2
-0.355, 1.3840534e-8, -3.9124148e-9, 1.5200002e+2
-0.356, 1.3880554e-8, -3.8645656e-9, 1.5233334e+2
-0.357, 1.3896131e-8, -3.8046548e-9, 1.5266667e+2
-0.358, 1.3863620e-8, -3.9746419e-9, 1.5300000e+2
-0.359, 1.3897729e-8, -3.7832466e-9, 1.5333333e+2
-0.360, 1.3902922e-8, -3.8869321e-9, 1.5366666e+2
-0.361, 1.3903241e-8, -3.9038675e-9, 1.5399998e+2
-0.362, 1.3901245e-8, -3.7761372e-9, 1.5433331e+2
-0.363, 1.3904838e-8, -3.9954910e-9, 1.5466664e+2
-0.364, 1.3918338e-8, -3.8327728e-9, 1.5499997e+2
-0.365, 1.3912188e-8, -3.9028287e-9, 1.5533330e+2
-0.366, 1.3928723e-8, -3.9200030e-9, 1.5566663e+2
-0.367, 1.3943182e-8, -3.7890779e-9, 1.5599995e+2
-0.368, 1.3955564e-8, -3.9886210e-9, 1.5633328e+2
-0.369, 1.3939268e-8, -3.8631276e-9, 1.5666661e+2
-0.370, 1.3966826e-8, -3.8846957e-9, 1.5699994e+2
-0.371, 1.3973616e-8, -3.9441272e-9, 1.5733327e+2
-0.372, 1.3944859e-8, -3.8262224e-9, 1.5766660e+2
-0.373, 1.4103342e-8, -3.9930148e-9, 1.5799992e+2
-0.374, 1.3996304e-8, -3.9029087e-9, 1.5833325e+2
-0.375, 1.4007646e-8, -3.8649648e-9, 1.5866658e+2
-0.376, 1.4105580e-8, -3.9624202e-9, 1.5899991e+2
-0.377, 1.4032249e-8, -3.8346903e-9, 1.5933324e+2
-0.378, 1.3998140e-8, -3.9326244e-9, 1.5966656e+2
-0.379, 1.4132181e-8, -3.9502783e-9, 1.5999989e+2
-0.380, 1.4091122e-8, -3.8214298e-9, 1.6033322e+2
-0.381, 1.4106139e-8, -4.0077923e-9, 1.6066655e+2
-0.382, 1.4240898e-8, -3.8690389e-9, 1.6099988e+2
-0.383, 1.4195925e-8, -3.9198431e-9, 1.6133321e+2
-0.384, 1.4340671e-8, -3.9760000e-9, 1.6166653e+2
-0.385, 1.4169884e-8, -3.8330126e-9, 1.6199986e+2
-0.386, 1.4335798e-8, -3.9950119e-9, 1.6233319e+2
-0.387, 1.4357446e-8, -3.9331836e-9, 1.6266652e+2
-0.388, 1.4258473e-8, -3.8593733e-9, 1.6299985e+2
-0.389, 1.4398664e-8, -4.0410231e-9, 1.6333318e+2
-0.390, 1.4380051e-8, -3.8811812e-9, 1.6366650e+2
-0.391, 1.4383008e-8, -3.9405328e-9, 1.6399983e+2
-0.392, 1.4416639e-8, -4.0147423e-9, 1.6433316e+2
-0.393, 1.4395948e-8, -3.8592933e-9, 1.6466649e+2
-0.394, 1.4392993e-8, -4.0157806e-9, 1.6499982e+2
-0.395, 1.4454103e-8, -3.9471626e-9, 1.6533315e+2
-0.396, 1.4407292e-8, -3.9104173e-9, 1.6566647e+2
-0.397, 1.4434931e-8, -4.0248076e-9, 1.6599980e+2
-0.398, 1.4451066e-8, -3.8985948e-9, 1.6633313e+2
-0.399, 1.4456099e-8, -4.0252068e-9, 1.6666646e+2
-0.400, 1.4514332e-8, -3.9462043e-9, 1.6699979e+2
-0.401, 1.4472075e-8, -3.9404529e-9, 1.6733311e+2
-0.402, 1.4571367e-8, -4.0331152e-9, 1.6766644e+2
-0.403, 1.4500912e-8, -3.9094590e-9, 1.6799977e+2
-0.404, 1.4486374e-8, -4.0114672e-9, 1.6833310e+2
-0.405, 1.4635992e-8, -4.0088310e-9, 1.6866643e+2
-0.406, 1.4569610e-8, -3.9256749e-9, 1.6899976e+2
-0.407, 1.4564817e-8, -4.0550825e-9, 1.6933308e+2
-0.408, 1.4715233e-8, -3.9699288e-9, 1.6966641e+2
-0.409, 1.4641502e-8, -3.9978074e-9, 1.6999974e+2
-0.410, 1.4852789e-8, -4.0558810e-9, 1.7033307e+2
-0.411, 1.4810134e-8, -3.9418908e-9, 1.7066640e+2
-0.412, 1.4799908e-8, -4.0649080e-9, 1.7099973e+2
-0.413, 1.4853908e-8, -4.0184172e-9, 1.7133305e+2
-0.414, 1.4832739e-8, -3.9943724e-9, 1.7166638e+2
-0.415, 1.4876594e-8, -4.0786472e-9, 1.7199971e+2
-0.416, 1.4889534e-8, -3.9893400e-9, 1.7233304e+2
-0.417, 1.4862855e-8, -4.0605941e-9, 1.7266637e+2
-0.418, 1.4989546e-8, -4.0315173e-9, 1.7299969e+2
-0.419, 1.4900638e-8, -4.0037986e-9, 1.7333302e+2
-0.420, 1.4944971e-8, -4.0873545e-9, 1.7366635e+2
-0.421, 1.5027569e-8, -4.0113073e-9, 1.7399968e+2
-0.422, 1.4951922e-8, -4.0636299e-9, 1.7433301e+2
-0.423, 1.5081648e-8, -4.0537240e-9, 1.7466634e+2
-0.424, 1.5136928e-8, -4.0220116e-9, 1.7499966e+2
-0.425, 1.5087481e-8, -4.0980583e-9, 1.7533299e+2
-0.426, 1.5214413e-8, -4.0505292e-9, 1.7566632e+2
-0.427, 1.5200753e-8, -4.0621919e-9, 1.7599965e+2
-0.428, 1.5311787e-8, -4.1107597e-9, 1.7633298e+2
-0.429, 1.5308192e-8, -4.0397450e-9, 1.7666631e+2
-0.430, 1.5289979e-8, -4.0984580e-9, 1.7699963e+2
-0.431, 1.5392306e-8, -4.0791268e-9, 1.7733296e+2
-0.432, 1.5346854e-8, -4.0810435e-9, 1.7766629e+2
-0.433, 1.5395024e-8, -4.1434309e-9, 1.7799962e+2
-0.434, 1.5432407e-8, -4.0534052e-9, 1.7833295e+2
-0.435, 1.5430171e-8, -4.1215436e-9, 1.7866628e+2
-0.436, 1.5472349e-8, -4.1247388e-9, 1.7899960e+2
-0.437, 1.5541843e-8, -4.0623518e-9, 1.7933293e+2
-0.438, 1.5553349e-8, -4.1955137e-9, 1.7966626e+2
-0.439, 1.5573239e-8, -4.0821622e-9, 1.7999959e+2
-0.440, 1.5627798e-8, -4.1209844e-9, 1.8033292e+2
-0.441, 1.5723973e-8, -4.1770614e-9, 1.8066624e+2
-0.442, 1.5767110e-8, -4.0693013e-9, 1.8099957e+2
-0.443, 1.5790356e-8, -4.2051793e-9, 1.8133290e+2
-0.444, 1.5876147e-8, -4.1758628e-9, 1.8166623e+2
-0.445, 1.5858095e-8, -4.1026116e-9, 1.8199956e+2
-0.446, 1.5871596e-8, -4.2250696e-9, 1.8233289e+2
-0.447, 1.5894839e-8, -4.1221027e-9, 1.8266621e+2
-0.448, 1.5896438e-8, -4.2215551e-9, 1.8299954e+2
-0.449, 1.6022490e-8, -4.2261878e-9, 1.8333287e+2
-0.450, 1.6083039e-8, -4.1497419e-9, 1.8366620e+2
-0.451, 1.6124499e-8, -4.3317110e-9, 1.8399953e+2
-0.452, 1.6195672e-8, -4.1721879e-9, 1.8433286e+2
-0.453, 1.6336504e-8, -4.2454391e-9, 1.8466618e+2
-0.454, 1.6323163e-8, -4.3483266e-9, 1.8499951e+2
-0.455, 1.6379719e-8, -4.1518984e-9, 1.8533284e+2
-0.456, 1.6351521e-8, -4.3776427e-9, 1.8566617e+2
-0.457, 1.6383634e-8, -4.2565427e-9, 1.8599950e+2
-0.458, 1.6418381e-8, -4.2479957e-9, 1.8633282e+2
-0.459, 1.6476056e-8, -4.4020063e-9, 1.8666615e+2
-0.460, 1.6535727e-8, -4.2239514e-9, 1.8699948e+2
-0.461, 1.6663137e-8, -4.4196602e-9, 1.8733281e+2
-0.462, 1.6631105e-8, -4.3090247e-9, 1.8766614e+2
-0.463, 1.6783121e-8, -4.3305928e-9, 1.8799947e+2
-0.464, 1.6858127e-8, -4.4655124e-9, 1.8833279e+2
-0.465, 1.6815871e-8, -4.2829038e-9, 1.8866612e+2
-0.466, 1.6907656e-8, -4.4587223e-9, 1.8899945e+2
-0.467, 1.6949432e-8, -4.4309236e-9, 1.8933278e+2
-0.468, 1.6939127e-8, -4.3877879e-9, 1.8966611e+2
-0.469, 1.7213200e-8, -4.5425974e-9, 1.8999944e+2
-0.470, 1.7184682e-8, -4.4161452e-9, 1.9033276e+2
-0.471, 1.7230693e-8, -4.4694266e-9, 1.9066609e+2
-0.472, 1.7360660e-8, -4.5414792e-9, 1.9099942e+2
-0.473, 1.7347322e-8, -4.4494559e-9, 1.9133275e+2
-0.474, 1.7355308e-8, -4.5536215e-9, 1.9166608e+2
-0.475, 1.7474251e-8, -4.5461923e-9, 1.9199940e+2
-0.476, 1.7442618e-8, -4.4929114e-9, 1.9233273e+2
-0.477, 1.7671079e-8, -4.5859734e-9, 1.9266606e+2
-0.478, 1.7695681e-8, -4.5314943e-9, 1.9299939e+2
-0.479, 1.7802323e-8, -4.5870916e-9, 1.9333272e+2
-0.480, 1.7838829e-8, -4.6045052e-9, 1.9366605e+2
-0.481, 1.7865270e-8, -4.5620885e-9, 1.9399937e+2
-0.482, 1.8018243e-8, -4.6682507e-9, 1.9433270e+2
-0.483, 1.7995557e-8, -4.5982751e-9, 1.9466603e+2
-0.484, 1.8097724e-8, -4.6689697e-9, 1.9499936e+2
-0.485, 1.8316280e-8, -4.7141824e-9, 1.9533269e+2
-0.486, 1.8299266e-8, -4.6176063e-9, 1.9566602e+2
-0.487, 1.8378268e-8, -4.8230606e-9, 1.9599934e+2
-0.488, 1.8488903e-8, -4.7369486e-9, 1.9633267e+2
-0.489, 1.8419726e-8, -4.7200936e-9, 1.9666600e+2
-0.490, 1.8653060e-8, -4.8904805e-9, 1.9699933e+2
-0.491, 1.8709455e-8, -4.7089106e-9, 1.9733266e+2
-0.492, 1.8800680e-8, -4.8868056e-9, 1.9766599e+2
-0.493, 1.8869537e-8, -4.8979092e-9, 1.9799931e+2
-0.494, 1.8873292e-8, -4.8028506e-9, 1.9833264e+2
-0.495, 1.9157270e-8, -5.0215654e-9, 1.9866597e+2
-0.496, 1.9212868e-8, -4.9560631e-9, 1.9899930e+2
-0.497, 1.9204240e-8, -4.9828230e-9, 1.9933263e+2
-0.498, 1.9331491e-8, -5.0354649e-9, 1.9966595e+2
-0.499, 1.9338520e-8, -4.9911306e-9, 1.9999928e+2
