May 12, 2006   00:09:23
Cyclic Voltammetry
File: f:\echem\05_01_19_dphz_pca\biofilm_a\transfer_1\gc_1.txt
Data Source:  Experiment
Instrument Model:  CHI760B
Header: 
Note: 

Init E (V) = 0
High E (V) = 0
Low E (V) = -0.5
Init P/N = N
Scan Rate (V/s) = 0.003
Segment = 1
Sample Interval (V) = 0.001
Quiet Time (sec) = 2
Sensitivity (A/V) = 1e-6
2nd E (V) = 0
Sens 2 (A/V) = 1e-6

Potential/V, i1/A, i2/A

0.000, -2.5232973e-8, -2.1660506e-8
-0.001, -2.1925889e-8, -1.9812852e-8
-0.002, -1.8618808e-8, -1.7777481e-8
-0.003, -1.6871006e-8, -1.6080802e-8
-0.004, -1.4327586e-8, -1.5031162e-8
-0.005, -1.3160522e-8, -1.4114127e-8
-0.006, -1.2324165e-8, -1.3180316e-8
-0.007, -1.0450951e-8, -1.1886239e-8
-0.008, -9.2591224e-9, -1.0877339e-8
-0.009, -8.6879712e-9, -1.0326957e-8
-0.010, -8.1000460e-9, -9.9379358e-9
-0.011, -7.5600486e-9, -9.4266950e-9
-0.012, -6.8283366e-9, -8.6382670e-9
-0.013, -5.9208856e-9, -7.8027105e-9
-0.014, -4.9543227e-9, -7.1205246e-9
-0.015, -4.4199173e-9, -6.6284560e-9
-0.016, -4.0524637e-9, -6.2929550e-9
-0.017, -3.6394776e-9, -5.9790217e-9
-0.018, -3.3375265e-9, -5.6914491e-9
-0.019, -3.1242435e-9, -5.4126637e-9
-0.020, -2.9245406e-9, -5.1131090e-9
-0.021, -2.7408136e-9, -4.8534954e-9
-0.022, -2.4404603e-9, -4.6713660e-9
-0.023, -2.0314683e-9, -4.4836450e-9
-0.024, -1.5346071e-9, -4.2424033e-9
-0.025, -9.3390029e-10, -4.1257771e-9
-0.026, -4.3384377e-10, -3.8925241e-9
-0.027, -2.5650657e-11, -3.5098928e-9
-0.028, 2.4035385e-10, -3.3373493e-9
-0.029, 4.6482010e-10, -3.1408416e-9
-0.030, 6.2138733e-10, -2.7102816e-9
-0.031, 7.8434503e-10, -2.6735363e-9
-0.032, 9.3292418e-10, -2.4035378e-9
-0.033, 1.0990772e-9, -2.1638940e-9
-0.034, 1.2396681e-9, -1.9146644e-9
-0.035, 1.3978330e-9, -1.6933934e-9
-0.036, 1.4984832e-9, -1.5256428e-9
-0.037, 1.6079205e-9, -1.3243422e-9
-0.038, 1.6997840e-9, -1.1949346e-9
-0.039, 1.7932450e-9, -1.1006748e-9
-0.040, 1.8635404e-9, -1.0016219e-9
-0.041, 1.9202562e-9, -9.1135616e-10
-0.042, 2.0145159e-9, -8.1150464e-10
-0.043, 2.1031841e-9, -7.8354617e-10
-0.044, 2.2134203e-9, -6.3816241e-10
-0.045, 2.2948992e-9, -6.9088396e-10
-0.046, 2.4418807e-9, -6.4055883e-10
-0.047, 2.6008442e-9, -5.1274890e-10
-0.048, 2.6998972e-9, -4.8239396e-10
-0.049, 2.9195706e-9, -4.2168427e-10
-0.050, 3.0441851e-9, -3.5777928e-10
-0.051, 3.1743916e-9, -3.0585645e-10
-0.052, 3.4475856e-9, -2.4434790e-10
-0.053, 3.5346559e-9, -1.8843105e-10
-0.054, 3.7503352e-9, -1.5967382e-10
-0.055, 3.8030570e-9, -1.1893438e-10
-0.056, 4.0139430e-9, -4.7041263e-11
-0.057, 4.1641202e-9, 1.2869660e-11
-0.058, 4.3111017e-9, 1.8461347e-11
-0.059, 4.4724615e-9, 2.8047096e-11
-0.060, 4.5267807e-9, 1.4946658e-10
-0.061, 4.6282298e-9, 2.2775018e-10
-0.062, 4.7991757e-9, 1.9979174e-10
-0.063, 4.8958317e-9, 2.2615256e-10
-0.064, 4.9892934e-9, 2.8127062e-10
-0.065, 5.1274878e-9, 2.9245398e-10
-0.066, 5.1722213e-9, 3.3558983e-10
-0.067, 5.2105640e-9, 3.9390313e-10
-0.068, 5.2768656e-9, 3.8831147e-10
-0.069, 5.3407709e-9, 4.7538201e-10
-0.070, 5.4022791e-9, 5.1612137e-10
-0.071, 5.4629887e-9, 5.7203831e-10
-0.072, 5.5260951e-9, 5.4248223e-10
-0.073, 5.5915979e-9, 6.1996702e-10
-0.074, 5.6187575e-9, 6.3194922e-10
-0.075, 5.6483129e-9, 6.6390171e-10
-0.076, 5.7066267e-9, 7.3020312e-10
-0.077, 5.7705316e-9, 7.1103162e-10
-0.078, 5.7737268e-9, 7.7813184e-10
-0.079, 5.8168630e-9, 8.0848678e-10
-0.080, 5.8432237e-9, 8.6759888e-10
-0.081, 5.9095249e-9, 8.3005469e-10
-0.082, 5.9183121e-9, 9.1872288e-10
-0.083, 5.9542584e-9, 9.6425512e-10
-0.084, 5.9902048e-9, 9.9940278e-10
-0.085, 6.0237548e-9, 1.0545209e-9
-0.086, 6.0413292e-9, 1.0832782e-9
-0.087, 6.0916543e-9, 1.1056450e-9
-0.088, 6.1395831e-9, 1.0856747e-9
-0.089, 6.1435768e-9, 1.1000532e-9
-0.090, 6.1627485e-9, 1.1304080e-9
-0.091, 6.2026895e-9, 1.1168283e-9
-0.092, 6.2114758e-9, 1.1727451e-9
-0.093, 6.2570082e-9, 1.2765908e-9
-0.094, 6.2841679e-9, 1.2478335e-9
-0.095, 6.2865646e-9, 1.3165313e-9
-0.096, 6.3464753e-9, 1.3772412e-9
-0.097, 6.3808243e-9, 1.2893717e-9
-0.098, 6.4063861e-9, 1.4020043e-9
-0.099, 6.3975993e-9, 1.4012054e-9
-0.100, 6.4463266e-9, 1.5913229e-9
-0.101, 6.4487233e-9, 1.2821824e-9
-0.102, 6.5078352e-9, 1.3644601e-9
-0.103, 6.5206169e-9, 1.5258202e-9
-0.104, 6.5270065e-9, 1.5873287e-9
-0.105, 6.5477761e-9, 1.6144884e-9
-0.106, 6.5733379e-9, 1.6057013e-9
-0.107, 6.5957049e-9, 1.5641632e-9
-0.108, 6.5965033e-9, 1.6033049e-9
-0.109, 6.6140773e-9, 1.5929205e-9
-0.110, 6.6468289e-9, 1.5929205e-9
-0.111, 6.6444321e-9, 1.6336600e-9
-0.112, 6.6540182e-9, 1.6112932e-9
-0.113, 6.7043429e-9, 1.8741024e-9
-0.114, 6.6907635e-9, 1.9052560e-9
-0.115, 6.6979529e-9, 1.5833347e-9
-0.116, 6.7123316e-9, 1.6320624e-9
-0.117, 6.7346981e-9, 1.7502866e-9
-0.118, 6.7538699e-9, 1.8764987e-9
-0.119, 6.7874200e-9, 1.9715576e-9
-0.120, 6.7818275e-9, 1.9627706e-9
-0.121, 6.8289578e-9, 1.9875337e-9
-0.122, 6.8361476e-9, 2.0306696e-9
-0.123, 6.8657031e-9, 1.9939241e-9
-0.124, 6.8944606e-9, 1.8581261e-9
-0.125, 6.8888686e-9, 1.8717059e-9
-0.126, 6.9479813e-9, 1.9308182e-9
-0.127, 6.9751405e-9, 1.8437476e-9
-0.128, 7.0158803e-9, 2.0945745e-9
-0.129, 7.0574186e-9, 2.0921782e-9
-0.130, 7.0670039e-9, 2.0658173e-9
-0.131, 7.0845783e-9, 2.0754032e-9
-0.132, 7.1588677e-9, 2.0937758e-9
-0.133, 7.1628614e-9, 2.2199882e-9
-0.134, 7.2762929e-9, 2.1792488e-9
-0.135, 7.3050499e-9, 2.1608761e-9
-0.136, 7.3849313e-9, 2.0322672e-9
-0.137, 7.4416469e-9, 2.2064084e-9
-0.138, 7.5670608e-9, 2.3070588e-9
-0.139, 7.6605220e-9, 2.3198397e-9
-0.140, 7.7947222e-9, 2.1776512e-9
-0.141, 8.0271763e-9, 2.1409057e-9
-0.142, 8.0870874e-9, 2.3430053e-9
-0.143, 8.0343652e-9, 2.3685671e-9
-0.144, 8.0838918e-9, 2.0634210e-9
-0.145, 8.4465528e-9, 2.0067055e-9
-0.146, 8.3794527e-9, 2.2159941e-9
-0.147, 8.6254879e-9, 2.2391595e-9
-0.148, 8.9673788e-9, 2.2359643e-9
-0.149, 9.0193009e-9, 2.3398099e-9
-0.150, 9.1055732e-9, 2.4093068e-9
-0.151, 9.3452170e-9, 2.2870885e-9
-0.152, 9.4059258e-9, 2.2679167e-9
-0.153, 9.5433217e-9, 2.3869398e-9
-0.154, 9.7374340e-9, 2.6345717e-9
-0.155, 9.7550075e-9, 2.4548390e-9
-0.156, 9.9027870e-9, 2.4644249e-9
-0.157, 9.9243556e-9, 2.5602824e-9
-0.158, 1.0041781e-8, 2.4596321e-9
-0.159, 1.0137638e-8, 2.3909339e-9
-0.160, 1.0188763e-8, 2.4148983e-9
-0.161, 1.0231100e-8, 2.1576809e-9
-0.162, 1.0304591e-8, 2.1480950e-9
-0.163, 1.0354117e-8, 2.3685671e-9
-0.164, 1.0436394e-8, 2.4843951e-9
-0.165, 1.0439590e-8, 2.4332709e-9
-0.166, 1.0483525e-8, 2.4804010e-9
-0.167, 1.0570595e-8, 2.5115545e-9
-0.168, 1.0580980e-8, 2.3653721e-9
-0.169, 1.0650476e-8, 2.4580342e-9
-0.170, 1.0681630e-8, 2.3613780e-9
-0.171, 1.0782280e-8, 2.4037150e-9
-0.172, 1.0823020e-8, 2.7591862e-9
-0.173, 1.0862960e-8, 2.7208436e-9
-0.174, 1.0926865e-8, 2.7264353e-9
-0.175, 1.0984380e-8, 2.5930336e-9
-0.176, 1.1058669e-8, 2.6122049e-9
-0.177, 1.1145739e-8, 2.5786551e-9
-0.178, 1.1221628e-8, 2.6577374e-9
-0.179, 1.1284733e-8, 2.7112577e-9
-0.180, 1.1358224e-8, 2.7480032e-9
-0.181, 1.1463667e-8, 2.5626787e-9
-0.182, 1.1565914e-8, 2.7783580e-9
-0.183, 1.1644998e-8, 2.8039198e-9
-0.184, 1.1724879e-8, 2.6577374e-9
-0.185, 1.1803961e-8, 2.6856959e-9
-0.186, 1.1854286e-8, 2.7432101e-9
-0.187, 1.2010055e-8, 2.6832994e-9
-0.188, 1.2081947e-8, 2.6257849e-9
-0.189, 1.2188988e-8, 2.4332709e-9
-0.190, 1.2306414e-8, 2.6002229e-9
-0.191, 1.2435822e-8, 2.4428568e-9
-0.192, 1.2578809e-8, 2.6010216e-9
-0.193, 1.2658690e-8, 2.7519973e-9
-0.194, 1.2828039e-8, 2.6265834e-9
-0.195, 1.2977416e-8, 2.7144531e-9
-0.196, 1.3162741e-8, 2.6529445e-9
-0.197, 1.3300935e-8, 2.7312279e-9
-0.198, 1.3549367e-8, 2.5666729e-9
-0.199, 1.3820163e-8, 2.7336244e-9
-0.200, 1.3969541e-8, 2.6713172e-9
-0.201, 1.4221167e-8, 2.3653721e-9
-0.202, 1.4405693e-8, 2.6896898e-9
-0.203, 1.4622970e-8, 2.5419093e-9
-0.204, 1.4731608e-8, 2.6737135e-9
-0.205, 1.4912141e-8, 2.7128553e-9
-0.206, 1.5152583e-8, 2.5762583e-9
-0.207, 1.5298765e-8, 2.7400151e-9
-0.208, 1.5427375e-8, 2.5642763e-9
-0.209, 1.5603112e-8, 2.6697196e-9
-0.210, 1.5710953e-8, 2.6920861e-9
-0.211, 1.5866721e-8, 2.7831508e-9
-0.212, 1.6085595e-8, 2.8606357e-9
-0.213, 1.6165476e-8, 2.7519973e-9
-0.214, 1.6300476e-8, 2.7991269e-9
-0.215, 1.6411509e-8, 2.8182987e-9
-0.216, 1.6517752e-8, 2.9293337e-9
-0.217, 1.6604025e-8, 2.8143046e-9
-0.218, 1.6707071e-8, 2.8262868e-9
-0.219, 1.6793342e-8, 2.8342748e-9
-0.220, 1.6941124e-8, 2.8294818e-9
-0.221, 1.7081714e-8, 2.9716707e-9
-0.222, 1.7338932e-8, 2.8182987e-9
-0.223, 1.7493901e-8, 2.5762583e-9
-0.224, 1.7822213e-8, 2.6992757e-9
-0.225, 1.8180081e-8, 2.8222926e-9
-0.226, 1.8448484e-8, 2.8334761e-9
-0.227, 1.8832711e-8, 2.9101619e-9
-0.228, 1.9196971e-8, 3.0084160e-9
-0.229, 1.9451790e-8, 3.0140075e-9
-0.230, 1.9700222e-8, 2.8750142e-9
-0.231, 1.9959835e-8, 2.8326772e-9
-0.232, 2.0134776e-8, 2.7999258e-9
-0.233, 2.0324094e-8, 3.0347769e-9
-0.234, 2.0411164e-8, 2.8989788e-9
-0.235, 2.0624448e-8, 2.9173515e-9
-0.236, 2.0759446e-8, 2.7919378e-9
-0.237, 2.0928795e-8, 2.7759615e-9
-0.238, 2.1036634e-8, 2.8702214e-9
-0.239, 2.1162847e-8, 2.8853988e-9
-0.240, 2.1323409e-8, 2.9237419e-9
-0.241, 2.1404887e-8, 2.9109610e-9
-0.242, 2.1495152e-8, 2.9908420e-9
-0.243, 2.1587017e-8, 2.8766118e-9
-0.244, 2.1707637e-8, 2.8869966e-9
-0.245, 2.1841837e-8, 2.8782092e-9
-0.246, 2.1955268e-8, 2.9205465e-9
-0.247, 2.2155769e-8, 2.9540967e-9
-0.248, 2.2375442e-8, 3.0164040e-9
-0.249, 2.2631863e-8, 3.0755161e-9
-0.250, 2.3008901e-8, 2.9373217e-9
-0.251, 2.3278101e-8, 2.9956349e-9
-0.252, 2.3553692e-8, 3.0219958e-9
-0.253, 2.3898778e-8, 3.0707232e-9
-0.254, 2.4290197e-8, 2.9940372e-9
-0.255, 2.4496291e-8, 3.0235934e-9
-0.256, 2.4717561e-8, 3.1434153e-9
-0.257, 2.4984363e-8, 2.8566418e-9
-0.258, 2.5219215e-8, 3.0938887e-9
-0.259, 2.5389362e-8, 3.1138592e-9
-0.260, 2.5628207e-8, 2.9828540e-9
-0.261, 2.5823116e-8, 3.0036231e-9
-0.262, 2.5976490e-8, 2.9708718e-9
-0.263, 2.6114684e-8, 3.1242435e-9
-0.264, 2.6214536e-8, 3.0763152e-9
-0.265, 2.6315186e-8, 2.6785063e-9
-0.266, 2.6419031e-8, 2.9285345e-9
-0.267, 2.6474948e-8, 2.9301321e-9
-0.268, 2.6570806e-8, 2.8550440e-9
-0.269, 2.6672256e-8, 2.9668776e-9
-0.270, 2.6854385e-8, 3.1530010e-9
-0.271, 2.6963821e-8, 2.9924396e-9
-0.272, 2.7093229e-8, 3.0395695e-9
-0.273, 2.7312902e-8, 2.9325287e-9
-0.274, 2.7498226e-8, 3.0092144e-9
-0.275, 2.7836123e-8, 3.0108123e-9
-0.276, 2.8131685e-8, 2.9405169e-9
-0.277, 2.8297837e-8, 3.0811078e-9
-0.278, 2.8515915e-8, 2.7360210e-9
-0.279, 2.8825854e-8, 2.8893929e-9
-0.280, 2.9038336e-8, 2.8398666e-9
-0.281, 2.9290762e-8, 2.7176483e-9
-0.282, 2.9514430e-8, 2.8846001e-9
-0.283, 2.9737297e-8, 2.9085641e-9
-0.284, 2.9871501e-8, 3.0643328e-9
-0.285, 2.9994517e-8, 2.8590381e-9
-0.286, 3.0115935e-8, 2.7615827e-9
-0.287, 3.0203804e-8, 2.5874418e-9
-0.288, 3.0330817e-8, 2.7456066e-9
-0.289, 3.0460225e-8, 2.6641278e-9
-0.290, 3.0569662e-8, 2.9197478e-9
-0.291, 3.0654334e-8, 2.4979749e-9
-0.292, 3.0784541e-8, 2.6689206e-9
-0.293, 3.0823685e-8, 2.6625302e-9
-0.294, 3.0862825e-8, 2.9365228e-9
-0.295, 3.0891581e-8, 2.9844516e-9
-0.296, 3.0882795e-8, 3.0068181e-9
-0.297, 3.0812501e-8, 2.9980314e-9
-0.298, 3.0792528e-8, 2.9964338e-9
-0.299, 3.0683889e-8, 3.0355753e-9
-0.300, 3.0567264e-8, 2.9461085e-9
-0.301, 3.0457826e-8, 2.8494522e-9
-0.302, 3.0361971e-8, 2.9365228e-9
-0.303, 3.0287680e-8, 2.9940372e-9
-0.304, 3.0187028e-8, 2.8838012e-9
-0.305, 3.0133510e-8, 3.0866996e-9
-0.306, 3.0056025e-8, 3.1050722e-9
-0.307, 3.0072798e-8, 3.1514034e-9
-0.308, 3.0042443e-8, 2.8598366e-9
-0.309, 3.0041647e-8, 2.9037717e-9
-0.310, 3.0038450e-8, 2.8750142e-9
-0.311, 3.0044841e-8, 2.9980314e-9
-0.312, 3.0021674e-8, 3.0012266e-9
-0.313, 3.0001704e-8, 2.9309313e-9
-0.314, 2.9929012e-8, 3.0411673e-9
-0.315, 2.9855524e-8, 3.0355753e-9
-0.316, 2.9756469e-8, 2.9165523e-9
-0.317, 2.9611085e-8, 3.1178531e-9
-0.318, 2.9655020e-8, 2.8151035e-9
-0.319, 2.9577535e-8, 2.9453098e-9
-0.320, 2.9704546e-8, 2.8622331e-9
-0.321, 2.9841143e-8, 2.9005762e-9
-0.322, 2.9922624e-8, 2.8965821e-9
-0.323, 3.0068005e-8, 3.1146579e-9
-0.324, 3.0152680e-8, 2.9932383e-9
-0.325, 3.0294071e-8, 3.0547471e-9
-0.326, 3.0465017e-8, 2.8830023e-9
-0.327, 3.0685491e-8, 2.9612861e-9
-0.328, 3.0863625e-8, 2.9501026e-9
-0.329, 3.1053741e-8, 2.6761100e-9
-0.330, 3.1255041e-8, 2.6761100e-9
-0.331, 3.1388442e-8, 2.7639793e-9
-0.332, 3.1659237e-8, 2.8734168e-9
-0.333, 3.2017905e-8, 2.9788596e-9
-0.334, 3.2565897e-8, 2.9277358e-9
-0.335, 3.3154617e-8, 2.8254878e-9
-0.336, 3.3879939e-8, 3.0219958e-9
-0.337, 3.4408753e-8, 2.8326772e-9
-0.338, 3.4761030e-8, 2.9572922e-9
-0.339, 3.5117299e-8, 2.8965821e-9
-0.340, 3.5473569e-8, 3.0004277e-9
-0.341, 3.5820253e-8, 2.9852503e-9
-0.342, 3.6103032e-8, 3.0747174e-9
-0.343, 3.6384215e-8, 3.0851020e-9
-0.344, 3.6865899e-8, 3.0539482e-9
-0.345, 3.7715036e-8, 2.9389193e-9
-0.346, 3.8502666e-8, 2.9700729e-9
-0.347, 3.9146510e-8, 3.0906937e-9
-0.348, 3.9579461e-8, 2.8550440e-9
-0.349, 3.9926149e-8, 2.9493039e-9
-0.350, 4.0190557e-8, 3.0076173e-9
-0.351, 4.0446178e-8, 2.9341265e-9
-0.352, 4.0586766e-8, 2.8438605e-9
-0.353, 4.0760909e-8, 2.9564931e-9
-0.354, 4.0847979e-8, 3.0124099e-9
-0.355, 4.0914284e-8, 2.6689206e-9
-0.356, 4.0972591e-8, 2.8278841e-9
-0.357, 4.1005343e-8, 2.8342748e-9
-0.358, 4.1033303e-8, 2.8558427e-9
-0.359, 4.1091617e-8, 2.9684752e-9
-0.360, 4.1173095e-8, 2.8071152e-9
-0.361, 4.1279339e-8, 3.0683269e-9
-0.362, 4.1400757e-8, 2.7855471e-9
-0.363, 4.1691525e-8, 2.6952816e-9
-0.364, 4.2067764e-8, 2.8502509e-9
-0.365, 4.2505512e-8, 2.8957834e-9
-0.366, 4.2984002e-8, 2.8382692e-9
-0.367, 4.3337877e-8, 2.8318783e-9
-0.368, 4.3718110e-8, 2.8957834e-9
-0.369, 4.4107136e-8, 2.8893929e-9
-0.370, 4.4381924e-8, 3.0938887e-9
-0.371, 4.4552870e-8, 3.0874983e-9
-0.372, 4.4776538e-8, 2.9165523e-9
-0.373, 4.4937899e-8, 3.0339780e-9
-0.374, 4.5116032e-8, 2.9341265e-9
-0.375, 4.5314138e-8, 2.8981797e-9
-0.376, 4.5489877e-8, 3.0235934e-9
-0.377, 4.5705558e-8, 3.0475575e-9
-0.378, 4.5817394e-8, 2.8973810e-9
-0.379, 4.5926829e-8, 2.8159020e-9
-0.380, 4.6041055e-8, 2.8574403e-9
-0.381, 4.6147299e-8, 2.9421143e-9
-0.382, 4.6311055e-8, 2.8542451e-9
-0.383, 4.6481205e-8, 2.9900433e-9
-0.384, 4.6680906e-8, 2.9061680e-9
-0.385, 4.6885400e-8, 2.7024709e-9
-0.386, 4.7069925e-8, 2.8734168e-9
-0.387, 4.7256052e-8, 2.8350737e-9
-0.388, 4.7506077e-8, 2.8502509e-9
-0.389, 4.7656258e-8, 2.8582390e-9
-0.390, 4.7970989e-8, 2.8686240e-9
-0.391, 4.8236195e-8, 3.1226461e-9
-0.392, 4.8417522e-8, 2.9732683e-9
-0.393, 4.8610040e-8, 3.0108123e-9
-0.394, 4.8808143e-8, 2.7360210e-9
-0.395, 4.9022226e-8, 2.8838012e-9
-0.396, 4.9185182e-8, 2.7871447e-9
-0.397, 4.9237105e-8, 3.0052205e-9
-0.398, 4.9286630e-8, 2.8486535e-9
-0.399, 4.9353730e-8, 2.6817017e-9
-0.400, 4.9349740e-8, 2.8382692e-9
-0.401, 4.9470362e-8, 2.9509013e-9
-0.402, 4.9440803e-8, 2.6992757e-9
-0.403, 4.9450385e-8, 2.5986253e-9
-0.404, 4.9386482e-8, 2.6481515e-9
-0.405, 4.9297814e-8, 2.6753111e-9
-0.406, 4.9239507e-8, 2.9333276e-9
-0.407, 4.9140450e-8, 2.9133571e-9
-0.408, 4.8907996e-8, 2.9213454e-9
-0.409, 4.8806548e-8, 3.0012266e-9
-0.410, 4.8619626e-8, 3.0595397e-9
-0.411, 4.8540542e-8, 2.7104587e-9
-0.412, 4.8304894e-8, 2.7464055e-9
-0.413, 4.8297704e-8, 2.7631806e-9
-0.414, 4.8340038e-8, 2.8095115e-9
-0.415, 4.8365600e-8, 2.9197478e-9
-0.416, 4.8542137e-8, 3.0227947e-9
-0.417, 4.8838501e-8, 2.9021738e-9
-0.418, 4.9017434e-8, 2.5890394e-9
-0.419, 4.9305005e-8, 2.7647782e-9
-0.420, 4.9550238e-8, 2.7887426e-9
-0.421, 4.9672462e-8, 2.8414640e-9
-0.422, 4.9793876e-8, 2.6577374e-9
-0.423, 4.9865772e-8, 2.6457552e-9
-0.424, 4.9896926e-8, 2.6872935e-9
-0.425, 4.9878551e-8, 2.7583877e-9
-0.426, 4.9794679e-8, 2.5722642e-9
-0.427, 4.9738762e-8, 2.7024709e-9
-0.428, 4.9640505e-8, 2.6848967e-9
-0.429, 4.9563816e-8, 2.6489506e-9
-0.430, 4.9517485e-8, 2.6944826e-9
-0.431, 4.9412847e-8, 2.7080624e-9
-0.432, 4.9315389e-8, 2.7799558e-9
-0.433, 4.9268259e-8, 2.6952816e-9
-0.434, 4.9196366e-8, 2.6114062e-9
-0.435, 4.9110096e-8, 2.6034181e-9
-0.436, 4.9101306e-8, 2.7623817e-9
-0.437, 4.8950334e-8, 2.7104587e-9
-0.438, 4.8892019e-8, 2.4875901e-9
-0.439, 4.8750632e-8, 2.6233884e-9
-0.440, 4.8626017e-8, 2.6098084e-9
-0.441, 4.8580478e-8, 2.5794535e-9
-0.442, 4.8455071e-8, 2.4843951e-9
-0.443, 4.8530158e-8, 2.4476499e-9
-0.444, 4.8573295e-8, 2.5099571e-9
-0.445, 4.8768204e-8, 2.5514952e-9
-0.446, 4.8934361e-8, 2.5211402e-9
-0.447, 4.9142049e-8, 2.4867914e-9
-0.448, 4.9352135e-8, 2.3917328e-9
-0.449, 4.9510302e-8, 2.3262301e-9
-0.450, 4.9662873e-8, 2.4109044e-9
-0.451, 4.9768317e-8, 2.6337730e-9
-0.452, 4.9940862e-8, 2.6010216e-9
-0.453, 5.0039912e-8, 2.3062596e-9
-0.454, 5.0080654e-8, 2.4620284e-9
-0.455, 5.0144557e-8, 2.3446027e-9
-0.456, 5.0158931e-8, 2.6369684e-9
-0.457, 5.0200473e-8, 2.3517921e-9
-0.458, 5.0206065e-8, 2.3078575e-9
-0.459, 5.0259587e-8, 2.1576809e-9
-0.460, 5.0403376e-8, 2.1073558e-9
-0.461, 5.0512810e-8, 2.2016153e-9
-0.462, 5.0672572e-8, 2.1273261e-9
-0.463, 5.0782010e-8, 1.9555813e-9
-0.464, 5.0863488e-8, 1.8860846e-9
-0.465, 5.0991300e-8, 1.9004633e-9
-0.466, 5.1086356e-8, 1.8229783e-9
-0.467, 5.1290055e-8, 2.0362612e-9
-0.468, 5.1437837e-8, 2.0106994e-9
-0.469, 5.1633545e-8, 1.8261737e-9
-0.470, 5.1945079e-8, 1.9451967e-9
-0.471, 5.2236647e-8, 1.9316169e-9
-0.472, 5.2462713e-8, 1.7926235e-9
-0.473, 5.2624070e-8, 1.9292206e-9
-0.474, 5.2709542e-8, 1.6632159e-9
-0.475, 5.2763063e-8, 1.5697549e-9
-0.476, 5.2564957e-8, 1.6057013e-9
-0.477, 5.2465108e-8, 1.5937193e-9
-0.478, 5.2283774e-8, 1.5298143e-9
-0.479, 5.2080882e-8, 1.5138381e-9
-0.480, 5.1791709e-8, 1.2054965e-9
-0.481, 5.1622361e-8, 1.2046977e-9
-0.482, 5.1401887e-8, 1.2662061e-9
-0.483, 5.1226948e-8, 1.1983071e-9
-0.484, 5.1188604e-8, 1.2725968e-9
-0.485, 5.1063989e-8, 1.1048461e-9
-0.486, 5.1021651e-8, 1.2702003e-9
-0.487, 5.1014464e-8, 1.3908209e-9
-0.488, 5.1001681e-8, 1.1136331e-9
-0.489, 5.0974524e-8, 9.0913715e-10
-0.490, 5.0996089e-8, 9.8023134e-10
-0.491, 5.0992895e-8, 9.6904806e-10
-0.492, 5.0991300e-8, 9.4827890e-10
-0.493, 5.0965738e-8, 7.3739248e-10
-0.494, 5.0990501e-8, 1.0449352e-9
-0.495, 5.0976922e-8, 8.6440360e-10
-0.496, 5.0976119e-8, 9.1792401e-10
-0.497, 5.1028842e-8, 7.9650453e-10
-0.498, 5.1052805e-8, 6.2396111e-10
-0.499, 5.1032838e-8, 5.3689053e-10
