Dec. 9, 2005   03:21:15
Square Wave Voltammetry
File: d:\ida_biofilms\11_28_18_blankidapyo\100um_transfer\100um_pyo_transfer_swv_29.txt
Data Source:  Experiment
Instrument Model:  CHI760B
Header: 
Note: 

Init E (V) = 0.1
Final E (V) = -0.5
Incr E (V) = 0.001
Amplitude (V) = 0.025
Frequency (Hz) = 300
Quiet Time (sec) = 2
Sensitivity (A/V) = 1e-6
Sens 2 (A/V) = 1e-6

Potential/V, i1/A, i2/A

0.099, 6.2265974e-7, 3.0390899e-7
0.098, 5.3161398e-7, 3.4023824e-7
0.097, 5.8374144e-7, 2.9051847e-7
0.096, 5.4785744e-7, 3.4858257e-7
0.095, 5.7351713e-7, 3.4747768e-7
0.094, 5.6306197e-7, 3.9645539e-7
0.093, 5.4187126e-7, 3.7285704e-7
0.092, 5.5570706e-7, 3.3873758e-7
0.091, 5.1936138e-7, 3.4511950e-7
0.090, 5.6706926e-7, 2.7636935e-7
0.089, 5.2312123e-7, 3.3903441e-7
0.088, 5.2956909e-7, 3.2531406e-7
0.087, 5.4634029e-7, 3.8191050e-7
0.086, 4.9549919e-7, 3.7290653e-7
0.085, 5.3557176e-7, 3.0961479e-7
0.084, 4.8581904e-7, 3.0847696e-7
0.083, 5.2122482e-7, 2.9101318e-7
0.082, 5.1634350e-7, 2.8947954e-7
0.081, 5.1020891e-7, 2.9030409e-7
0.080, 5.1842136e-7, 3.3781410e-7
0.079, 4.7094431e-7, 3.5814725e-7
0.078, 5.1347411e-7, 3.3956212e-7
0.077, 4.9210206e-7, 2.8872097e-7
0.076, 4.8016267e-7, 2.9775794e-7
0.075, 4.9887979e-7, 2.9624078e-7
0.074, 4.6957561e-7, 2.8601647e-7
0.073, 4.8560469e-7, 3.1159371e-7
0.072, 4.4587830e-7, 3.0463457e-7
0.071, 4.7777155e-7, 3.3225669e-7
0.070, 4.7673259e-7, 2.9135950e-7
0.069, 4.6939419e-7, 2.4967076e-7
0.068, 4.8502744e-7, 2.5938382e-7
0.067, 4.4495482e-7, 3.0935095e-7
0.066, 4.6954261e-7, 3.0813067e-7
0.065, 4.4109601e-7, 3.1266563e-7
0.064, 4.6665673e-7, 3.1151126e-7
0.063, 4.6748124e-7, 2.8403758e-7
0.062, 4.3524176e-7, 2.5890560e-7
0.061, 4.7025173e-7, 2.1850313e-7
0.060, 4.1233602e-7, 2.5291945e-7
0.059, 4.6319366e-7, 2.9671901e-7
0.058, 4.2826611e-7, 3.0009960e-7
0.057, 4.3260320e-7, 3.1411682e-7
0.056, 4.7199973e-7, 2.7104284e-7
0.055, 4.0206226e-7, 2.6860218e-7
0.054, 4.5930182e-7, 2.2364826e-7
0.053, 4.0188087e-7, 2.1929469e-7
0.052, 4.4290996e-7, 2.8319656e-7
0.051, 4.4135982e-7, 2.9254682e-7
0.050, 4.0526146e-7, 3.1746444e-7
0.049, 4.4859931e-7, 2.7006988e-7
0.048, 3.8571989e-7, 2.5565691e-7
0.047, 4.4140933e-7, 2.5984556e-7
0.046, 3.9673574e-7, 2.1995432e-7
0.045, 4.1710189e-7, 2.4932444e-7
0.044, 4.1865201e-7, 2.8596702e-7
0.043, 3.7938742e-7, 3.0324935e-7
0.042, 4.2414342e-7, 2.7472029e-7
0.041, 3.8509322e-7, 2.4432774e-7
0.040, 4.2605637e-7, 2.5179804e-7
0.039, 4.0077595e-7, 2.3156385e-7
0.038, 4.0300222e-7, 2.5928489e-7
0.037, 4.0742177e-7, 2.5499727e-7
0.036, 3.7930494e-7, 2.7140564e-7
0.035, 4.2506696e-7, 2.7064706e-7
0.034, 3.8351010e-7, 2.3916613e-7
0.033, 4.0608603e-7, 2.3433429e-7
0.032, 4.0775157e-7, 2.1398465e-7
0.031, 3.6513936e-7, 2.4536666e-7
0.030, 4.1096729e-7, 2.5031389e-7
0.029, 3.5542627e-7, 2.6670574e-7
0.028, 4.0494814e-7, 2.9821967e-7
0.027, 3.9582875e-7, 2.8050857e-7
0.026, 3.9226671e-7, 2.1733229e-7
0.025, 4.1311108e-7, 2.0603609e-7
0.024, 3.5536033e-7, 1.9083157e-7
0.023, 4.0824631e-7, 2.6523807e-7
0.022, 3.5907073e-7, 2.3535671e-7
0.021, 3.7462155e-7, 3.1568345e-7
0.020, 3.9693361e-7, 2.6842079e-7
0.019, 3.5989530e-7, 2.1217068e-7
0.018, 4.0494814e-7, 2.1660668e-7
0.017, 3.4348693e-7, 1.7313695e-7
0.016, 3.8893558e-7, 2.6459492e-7
0.015, 3.7505032e-7, 2.4155727e-7
0.014, 3.7669940e-7, 2.4671888e-7
0.013, 3.9037027e-7, 2.8665960e-7
0.012, 3.5229300e-7, 2.3233892e-7
0.011, 4.0331554e-7, 2.5232578e-7
0.010, 3.6494146e-7, 1.8204197e-7
0.009, 4.0136965e-7, 2.4567998e-7
0.008, 3.9168953e-7, 2.5440360e-7
0.007, 3.5855953e-7, 2.5100650e-7
0.006, 3.9614207e-7, 2.6134623e-7
0.005, 3.3672569e-7, 2.2547874e-7
0.004, 3.9396528e-7, 2.5577236e-7
0.003, 3.7206547e-7, 1.8660992e-7
0.002, 3.6335834e-7, 2.3258627e-7
0.001, 3.9876409e-7, 2.4530067e-7
-0.000, 3.3738533e-7, 2.6673871e-7
-0.001, 3.9727993e-7, 2.9307455e-7
-0.002, 3.3522502e-7, 2.3730266e-7
-0.003, 3.9668623e-7, 2.3504342e-7
-0.004, 3.9193691e-7, 2.1116473e-7
-0.005, 3.5303509e-7, 2.0575574e-7
-0.006, 3.9596065e-7, 2.3705527e-7
-0.007, 3.3045919e-7, 2.3329540e-7
-0.008, 3.8713807e-7, 2.9088127e-7
-0.009, 3.5785041e-7, 2.5638252e-7
-0.010, 3.8375748e-7, 2.1319309e-7
-0.011, 3.9091447e-7, 2.5893857e-7
-0.012, 3.4752719e-7, 1.8895162e-7
-0.013, 3.9361896e-7, 2.5803160e-7
-0.014, 3.4436096e-7, 2.3689037e-7
-0.015, 3.9507017e-7, 2.6228622e-7
-0.016, 3.7211495e-7, 2.7292279e-7
-0.017, 3.7241176e-7, 2.1814034e-7
-0.018, 3.8565392e-7, 2.4757642e-7
-0.019, 3.4398164e-7, 1.9535004e-7
-0.020, 4.0514604e-7, 2.5771826e-7
-0.021, 3.5537678e-7, 2.4482244e-7
-0.022, 3.8360906e-7, 2.4777430e-7
-0.023, 3.8410377e-7, 2.7046565e-7
-0.024, 3.4556479e-7, 2.2798534e-7
-0.025, 4.0692703e-7, 2.3403746e-7
-0.026, 3.4381674e-7, 1.8885267e-7
-0.027, 3.9642239e-7, 2.4605924e-7
-0.028, 3.7627063e-7, 2.6751383e-7
-0.029, 3.7137289e-7, 2.5732248e-7
-0.030, 4.1035713e-7, 2.9574605e-7
-0.031, 3.5151794e-7, 2.2857901e-7
-0.032, 4.0821334e-7, 2.4180463e-7
-0.033, 3.6243486e-7, 1.8745095e-7
-0.034, 3.7914003e-7, 2.0900443e-7
-0.035, 4.0272187e-7, 2.8507651e-7
-0.036, 3.6212151e-7, 2.5286997e-7
-0.037, 4.1101674e-7, 2.9267878e-7
-0.038, 3.5397508e-7, 2.4246427e-7
-0.039, 4.0851018e-7, 2.5753684e-7
-0.040, 4.0598707e-7, 2.2523139e-7
-0.041, 3.8812752e-7, 1.8621415e-7
-0.042, 4.0664668e-7, 2.9506992e-7
-0.043, 3.5938405e-7, 2.5428815e-7
-0.044, 4.1787695e-7, 2.8689050e-7
-0.045, 3.8011302e-7, 2.5575585e-7
-0.046, 4.1962497e-7, 2.5125388e-7
-0.047, 4.2015267e-7, 2.4610875e-7
-0.048, 3.8628053e-7, 1.7948589e-7
-0.049, 4.2478658e-7, 2.6334163e-7
-0.050, 3.6667299e-7, 2.4787323e-7
-0.051, 4.2383013e-7, 2.9099670e-7
-0.052, 4.0136962e-7, 2.7152106e-7
-0.053, 4.0219419e-7, 2.4134289e-7
-0.054, 4.3814413e-7, 2.5527763e-7
-0.055, 3.7656747e-7, 2.0984545e-7
-0.056, 4.3860587e-7, 2.7114180e-7
-0.057, 3.8306484e-7, 2.5634952e-7
-0.058, 4.2839810e-7, 2.9149146e-7
-0.059, 4.2999767e-7, 2.8708837e-7
-0.060, 3.8712159e-7, 2.5102301e-7
-0.061, 4.4915998e-7, 2.5442009e-7
-0.062, 3.7821655e-7, 2.1124718e-7
-0.063, 4.4530117e-7, 3.0128695e-7
-0.064, 4.0494814e-7, 2.7536345e-7
-0.065, 4.1868503e-7, 2.7284034e-7
-0.066, 4.5735592e-7, 3.1299544e-7
-0.067, 4.0003388e-7, 2.5491482e-7
-0.068, 4.5465146e-7, 2.8677505e-7
-0.069, 3.9950618e-7, 2.0575574e-7
-0.070, 4.5689416e-7, 2.5254016e-7
-0.071, 4.3524176e-7, 3.0442021e-7
-0.072, 4.3410387e-7, 2.9594395e-7
-0.073, 4.6390278e-7, 3.0641561e-7
-0.074, 4.0872453e-7, 2.7439046e-7
-0.075, 4.5994497e-7, 2.6231919e-7
-0.076, 4.3266920e-7, 2.1931118e-7
-0.077, 4.6068709e-7, 2.6071959e-7
-0.078, 4.5417318e-7, 3.0710822e-7
-0.079, 4.1914672e-7, 3.0765241e-7
-0.080, 4.6449645e-7, 3.2979955e-7
-0.081, 4.2415994e-7, 3.0649807e-7
-0.082, 4.6828933e-7, 3.0029753e-7
-0.083, 4.6152809e-7, 2.6515562e-7
-0.084, 4.6114883e-7, 2.5326574e-7
-0.085, 4.8868844e-7, 2.9894528e-7
-0.086, 4.3665997e-7, 3.1010956e-7
-0.087, 5.1055525e-7, 3.4457531e-7
-0.088, 4.5564087e-7, 3.2447304e-7
-0.089, 4.8402154e-7, 2.9015567e-7
-0.090, 5.0455259e-7, 2.8783046e-7
-0.091, 4.6004394e-7, 2.4871429e-7
-0.092, 5.1050574e-7, 3.2043278e-7
-0.093, 4.3735258e-7, 3.1413330e-7
-0.094, 5.0127096e-7, 3.6057139e-7
-0.095, 4.9643910e-7, 3.2846378e-7
-0.096, 4.9592791e-7, 2.9704884e-7
-0.097, 5.2115882e-7, 3.3034377e-7
-0.098, 4.8138304e-7, 2.6479282e-7
-0.099, 5.2610608e-7, 3.3266895e-7
-0.100, 4.6922929e-7, 2.9312400e-7
-0.101, 5.3027827e-7, 3.5892231e-7
-0.102, 5.2975054e-7, 3.6894875e-7
-0.103, 5.0691074e-7, 2.8891884e-7
-0.104, 5.5521235e-7, 3.0625068e-7
-0.105, 4.9812115e-7, 2.6924533e-7
-0.106, 5.5047951e-7, 3.5621781e-7
-0.107, 5.2544641e-7, 3.3093744e-7
-0.108, 5.2031777e-7, 3.4229959e-7
-0.109, 5.5486601e-7, 3.7402791e-7
-0.110, 5.1106645e-7, 3.2369798e-7
-0.111, 5.6601380e-7, 3.4323955e-7
-0.112, 5.2711198e-7, 2.6922885e-7
-0.113, 5.7445715e-7, 3.5145200e-7
-0.114, 5.6339178e-7, 3.6945994e-7
-0.115, 5.3614895e-7, 3.9099692e-7
-0.116, 5.9929221e-7, 3.4723033e-7
-0.117, 5.2988241e-7, 3.3448296e-7
-0.118, 5.8913389e-7, 3.6276467e-7
-0.119, 5.5973078e-7, 3.1185758e-7
-0.120, 5.6786075e-7, 3.5413998e-7
-0.121, 6.0245850e-7, 3.6654106e-7
-0.122, 5.4681851e-7, 3.6784385e-7
-0.123, 6.0582261e-7, 3.8675878e-7
-0.124, 5.6647559e-7, 3.3992492e-7
-0.125, 6.0483319e-7, 3.5963143e-7
-0.126, 5.9879756e-7, 3.4474022e-7
-0.127, 5.8367550e-7, 3.7041639e-7
-0.128, 6.0494858e-7, 3.7077922e-7
-0.129, 5.7142279e-7, 3.8845735e-7
-0.130, 6.2391302e-7, 3.9305829e-7
-0.131, 5.8664386e-7, 3.7010309e-7
-0.132, 6.1266627e-7, 3.4762613e-7
-0.133, 6.2981672e-7, 3.3534047e-7
-0.134, 5.8519259e-7, 3.7198305e-7
-0.135, 6.2965182e-7, 3.7979964e-7
-0.136, 5.8903498e-7, 4.0305170e-7
-0.137, 6.3534117e-7, 4.0692703e-7
-0.138, 6.3550607e-7, 3.9709852e-7
-0.139, 6.2544666e-7, 3.6330886e-7
-0.140, 6.4447704e-7, 3.3050867e-7
-0.141, 6.0333252e-7, 3.8911696e-7
-0.142, 6.5526206e-7, 4.0465130e-7
-0.143, 6.2612276e-7, 4.1507349e-7
-0.144, 6.4807205e-7, 4.1741518e-7
-0.145, 6.6078644e-7, 4.2044951e-7
-0.146, 6.2053243e-7, 3.8039335e-7
-0.147, 6.6817438e-7, 3.5324948e-7
-0.148, 6.2051595e-7, 3.6713473e-7
-0.149, 6.6261691e-7, 4.0244157e-7
-0.150, 6.5658128e-7, 4.4709864e-7
-0.151, 6.5572374e-7, 4.3029451e-7
-0.152, 6.8984320e-7, 4.1222060e-7
-0.153, 6.3725406e-7, 3.9432805e-7
-0.154, 6.9396594e-7, 3.7721060e-7
-0.155, 6.6177591e-7, 3.6482601e-7
-0.156, 6.6733332e-7, 4.1068694e-7
-0.157, 6.8105362e-7, 4.5804853e-7
-0.158, 6.5750481e-7, 4.3224043e-7
-0.159, 6.9637360e-7, 4.3613227e-7
-0.160, 6.6058857e-7, 4.0135316e-7
-0.161, 6.9765986e-7, 3.7391246e-7
-0.162, 6.8041055e-7, 3.6095068e-7
-0.163, 6.7290716e-7, 4.0338153e-7
-0.164, 7.0452006e-7, 4.4930840e-7
-0.165, 6.6030822e-7, 4.6454593e-7
-0.166, 7.2130774e-7, 4.3261971e-7
-0.167, 6.7727728e-7, 4.1579909e-7
-0.168, 7.3166393e-7, 3.9411370e-7
-0.169, 7.3560523e-7, 3.9487227e-7
-0.170, 6.8153190e-7, 4.3407090e-7
-0.171, 7.1921340e-7, 4.1556822e-7
-0.172, 6.7163739e-7, 4.4444363e-7
-0.173, 7.3347792e-7, 4.8481309e-7
-0.174, 7.0679584e-7, 4.4139281e-7
-0.175, 7.1767977e-7, 4.2361575e-7
-0.176, 7.5161779e-7, 3.8548899e-7
-0.177, 6.9086570e-7, 4.3578595e-7
-0.178, 7.4861646e-7, 4.3980970e-7
-0.179, 7.0371198e-7, 4.4955576e-7
-0.180, 7.4597790e-7, 4.7394565e-7
-0.181, 7.4625825e-7, 4.4797264e-7
-0.182, 7.2867914e-7, 4.3369164e-7
-0.183, 7.6670688e-7, 3.9101343e-7
-0.184, 7.1134730e-7, 4.4424576e-7
-0.185, 7.7185200e-7, 4.6104986e-7
-0.186, 7.3393966e-7, 4.8360926e-7
-0.187, 7.5334935e-7, 4.5514616e-7
-0.188, 7.6284800e-7, 4.7064751e-7
-0.189, 7.3466526e-7, 4.5790011e-7
-0.190, 7.8725441e-7, 4.0425553e-7
-0.191, 7.4357024e-7, 4.4404783e-7
-0.192, 7.7876166e-7, 4.7074644e-7
-0.193, 7.7714560e-7, 5.2232969e-7
-0.194, 7.8527552e-7, 4.9460863e-7
-0.195, 8.0138705e-7, 4.6898194e-7
-0.196, 7.5725768e-7, 4.7826620e-7
-0.197, 8.1429937e-7, 4.3651153e-7
-0.198, 7.9355391e-7, 4.2030109e-7
-0.199, 8.0395955e-7, 4.8425244e-7
-0.200, 8.1515691e-7, 5.2971757e-7
-0.201, 7.8031178e-7, 5.4797289e-7
-0.202, 8.4380133e-7, 5.2417664e-7
-0.203, 8.0409154e-7, 4.9177225e-7
-0.204, 8.4510418e-7, 4.8176230e-7
-0.205, 8.4624207e-7, 4.8059144e-7
-0.206, 8.3351119e-7, 4.7706243e-7
-0.207, 8.7081332e-7, 5.1048926e-7
-0.208, 8.3003152e-7, 5.5917013e-7
-0.209, 8.7872888e-7, 5.4432837e-7
-0.210, 8.5067802e-7, 4.9820363e-7
-0.211, 8.6344193e-7, 5.1789368e-7
-0.212, 8.9589582e-7, 4.9360273e-7
-0.213, 8.6507453e-7, 4.9465814e-7
-0.214, 9.0885760e-7, 5.3750125e-7
-0.215, 8.7264380e-7, 5.5169983e-7
-0.216, 9.1235364e-7, 5.8144917e-7
-0.217, 9.1641039e-7, 5.3684158e-7
-0.218, 9.0151923e-7, 5.1528809e-7
-0.219, 9.3969538e-7, 5.2134021e-7
-0.220, 9.0633444e-7, 5.4096427e-7
-0.221, 9.5964924e-7, 5.6881726e-7
-0.222, 9.1987351e-7, 5.7427570e-7
-0.223, 9.6176018e-7, 5.9460888e-7
-0.224, 9.8901933e-7, 5.8144923e-7
-0.225, 9.3158189e-7, 5.2927231e-7
-0.226, 9.9536828e-7, 5.1067070e-7
-0.227, 9.3158195e-7, 5.1721753e-7
-0.228, 9.9957356e-7, 5.9403169e-7
-0.229, 9.9332351e-7, 6.1067090e-7
-0.230, 9.7920736e-7, 6.2407793e-7
-0.231, 1.0376178e-6, 5.8651187e-7
-0.232, 9.6919746e-7, 5.8581929e-7
-0.233, 1.0569615e-6, 5.5953296e-7
-0.234, 9.8896999e-7, 5.1761333e-7
-0.235, 1.0354245e-6, 6.1055550e-7
-0.236, 1.0484853e-6, 6.4033782e-7
-0.237, 1.0198406e-6, 6.4396579e-7
-0.238, 1.0810876e-6, 6.4335569e-7
-0.239, 1.0082806e-6, 6.0163393e-7
-0.240, 1.0774265e-6, 6.1871845e-7
-0.241, 1.0540757e-6, 5.5763650e-7
-0.242, 1.0747386e-6, 5.9371837e-7
-0.243, 1.0970836e-6, 6.6133066e-7
-0.244, 1.0455828e-6, 6.6268291e-7
-0.245, 1.1178126e-6, 6.6124818e-7
-0.246, 1.0727927e-6, 6.1642618e-7
-0.247, 1.1210942e-6, 6.4820398e-7
-0.248, 1.1245572e-6, 6.1677247e-7
-0.249, 1.1179279e-6, 6.2892622e-7
-0.250, 1.1394650e-6, 6.6039070e-7
-0.251, 1.0912954e-6, 6.8291712e-7
-0.252, 1.1640527e-6, 6.9465858e-7
-0.253, 1.1275422e-6, 6.6006083e-7
-0.254, 1.1482051e-6, 6.6291375e-7
-0.255, 1.1759096e-6, 6.3438466e-7
-0.256, 1.1184557e-6, 6.4516968e-7
-0.257, 1.1920047e-6, 6.7241251e-7
-0.258, 1.1161470e-6, 6.9065129e-7
-0.259, 1.1811208e-6, 7.4348782e-7
-0.260, 1.2069123e-6, 7.3873849e-7
-0.261, 1.1779050e-6, 6.4413075e-7
-0.262, 1.2245740e-6, 6.4279499e-7
-0.263, 1.1518496e-6, 6.0803239e-7
-0.264, 1.2239968e-6, 7.0452006e-7
-0.265, 1.1697587e-6, 6.8628123e-7
-0.266, 1.1920706e-6, 7.5605385e-7
-0.267, 1.2231887e-6, 7.6388699e-7
-0.268, 1.1860515e-6, 6.7147255e-7
-0.269, 1.2409824e-6, 7.0935187e-7
-0.270, 1.1773609e-6, 6.1926266e-7
-0.271, 1.2274929e-6, 7.3384069e-7
-0.272, 1.2296036e-6, 7.2912434e-7
-0.273, 1.2136406e-6, 7.3321405e-7
-0.274, 1.2466057e-6, 7.8377485e-7
-0.275, 1.1871564e-6, 7.1423312e-7
-0.276, 1.2499534e-6, 7.2816783e-7
-0.277, 1.2254645e-6, 6.3489586e-7
-0.278, 1.2442970e-6, 7.1759723e-7
-0.279, 1.2501018e-6, 7.4381762e-7
-0.280, 1.2002172e-6, 7.1017644e-7
-0.281, 1.2570443e-6, 7.6461254e-7
-0.282, 1.1986340e-6, 7.0257414e-7
-0.283, 1.2480569e-6, 7.4263028e-7
-0.284, 1.2470509e-6, 6.6634385e-7
-0.285, 1.2053127e-6, 6.9403188e-7
-0.286, 1.2605569e-6, 7.1832289e-7
-0.287, 1.1957810e-6, 7.3356034e-7
-0.288, 1.2633109e-6, 7.7755783e-7
-0.289, 1.1992771e-6, 7.1164413e-7
-0.290, 1.2432911e-6, 7.0054580e-7
-0.291, 1.2608538e-6, 6.7928914e-7
-0.292, 1.1944948e-6, 6.3824353e-7
-0.293, 1.2512892e-6, 7.0734001e-7
-0.294, 1.1690660e-6, 7.1797660e-7
-0.295, 1.2333966e-6, 8.0631781e-7
-0.296, 1.2174829e-6, 7.0392639e-7
-0.297, 1.2120574e-6, 6.7694742e-7
-0.298, 1.2450886e-6, 6.9348766e-7
-0.299, 1.1752170e-6, 6.3530814e-7
-0.300, 1.2352107e-6, 7.2384728e-7
-0.301, 1.1768826e-6, 6.9960578e-7
-0.302, 1.2092211e-6, 7.3050956e-7
-0.303, 1.2154546e-6, 7.6499185e-7
-0.304, 1.1930435e-6, 6.9165725e-7
-0.305, 1.2128819e-6, 6.9724763e-7
-0.306, 1.1633601e-6, 6.3684183e-7
-0.307, 1.2248049e-6, 7.0343168e-7
-0.308, 1.1882612e-6, 7.2363292e-7
-0.309, 1.1872223e-6, 7.1474437e-7
-0.310, 1.1976446e-6, 7.6423328e-7
-0.311, 1.1374860e-6, 6.9972123e-7
-0.312, 1.2068958e-6, 6.9574696e-7
-0.313, 1.1459624e-6, 6.2999817e-7
-0.314, 1.1888055e-6, 7.1306232e-7
-0.315, 1.1988154e-6, 7.4820423e-7
-0.316, 1.1755633e-6, 6.9983668e-7
-0.317, 1.1910647e-6, 7.6693772e-7
-0.318, 1.1459624e-6, 6.8682544e-7
-0.319, 1.2011570e-6, 7.0542706e-7
-0.320, 1.1646464e-6, 6.3826002e-7
-0.321, 1.1451378e-6, 6.7435838e-7
-0.322, 1.1830007e-6, 7.4639024e-7
-0.323, 1.1317472e-6, 6.8031159e-7
-0.324, 1.1860844e-6, 7.6057233e-7
-0.325, 1.1322915e-6, 7.0564147e-7
-0.326, 1.1752336e-6, 7.0631756e-7
-0.327, 1.1939012e-6, 6.5435506e-7
-0.328, 1.1480566e-6, 5.9576320e-7
-0.329, 1.1902237e-6, 7.4061842e-7
-0.330, 1.1223971e-6, 6.9789075e-7
-0.331, 1.1795871e-6, 7.6881770e-7
-0.332, 1.1521794e-6, 7.2064807e-7
-0.333, 1.1705172e-6, 6.8929904e-7
-0.334, 1.1928621e-6, 7.3168042e-7
-0.335, 1.1274761e-6, 6.0295326e-7
-0.336, 1.1867771e-6, 6.9513681e-7
-0.337, 1.1255138e-6, 6.9747853e-7
-0.338, 1.1703028e-6, 7.5453664e-7
-0.339, 1.1704512e-6, 7.3342846e-7
-0.340, 1.1438351e-6, 6.8583597e-7
-0.341, 1.1964407e-6, 7.1119882e-7
-0.342, 1.1291253e-6, 6.4063471e-7
-0.343, 1.1885911e-6, 7.0325029e-7
-0.344, 1.1330665e-6, 7.0023248e-7
-0.345, 1.1746564e-6, 7.2665068e-7
-0.346, 1.1960944e-6, 8.0531186e-7
-0.347, 1.1382941e-6, 6.8537423e-7
-0.348, 1.2077863e-6, 7.0011703e-7
-0.349, 1.1368264e-6, 6.4299286e-7
-0.350, 1.1937032e-6, 6.6467828e-7
-0.351, 1.1652730e-6, 7.2066456e-7
-0.352, 1.1542572e-6, 7.0333272e-7
-0.353, 1.2031030e-6, 7.8197729e-7
-0.354, 1.1412955e-6, 7.4706639e-7
-0.355, 1.2143662e-6, 7.2112630e-7
-0.356, 1.1689835e-6, 7.0491586e-7
-0.357, 1.1865957e-6, 6.6149556e-7
-0.358, 1.2038121e-6, 7.6692123e-7
-0.359, 1.1635746e-6, 7.1109991e-7
-0.360, 1.2023938e-6, 7.5100763e-7
-0.361, 1.1721332e-6, 7.4404852e-7
-0.362, 1.2169388e-6, 7.0008400e-7
-0.363, 1.1954182e-6, 7.4314153e-7
-0.364, 1.2041749e-6, 6.5572374e-7
-0.365, 1.2225291e-6, 7.6812506e-7
-0.366, 1.1741616e-6, 7.4645618e-7
-0.367, 1.2330504e-6, 7.7315480e-7
-0.368, 1.1884921e-6, 8.0214562e-7
-0.369, 1.2285977e-6, 7.4215205e-7
-0.370, 1.2456492e-6, 7.6894958e-7
-0.371, 1.2140529e-6, 6.8694089e-7
-0.372, 1.2546037e-6, 7.3342846e-7
-0.373, 1.2078524e-6, 7.5968183e-7
-0.374, 1.2596170e-6, 7.6370560e-7
-0.375, 1.2409329e-6, 8.2877830e-7
-0.376, 1.2487660e-6, 7.8997539e-7
-0.377, 1.2850953e-6, 8.1296355e-7
-0.378, 1.2394157e-6, 7.3598454e-7
-0.379, 1.2934890e-6, 7.2109333e-7
-0.380, 1.2354085e-6, 7.7787115e-7
-0.381, 1.2766850e-6, 7.8243909e-7
-0.382, 1.3049337e-6, 8.2943791e-7
-0.383, 1.2719356e-6, 7.9856716e-7
-0.384, 1.3136244e-6, 8.2564503e-7
-0.385, 1.2733703e-6, 7.8830988e-7
-0.386, 1.3204846e-6, 7.4170686e-7
-0.387, 1.3138553e-6, 7.8563829e-7
-0.388, 1.3176975e-6, 7.9902884e-7
-0.389, 1.3331990e-6, 8.6781199e-7
-0.390, 1.3022951e-6, 8.5095837e-7
-0.391, 1.3427141e-6, 8.0224459e-7
-0.392, 1.3022786e-6, 8.0598795e-7
-0.393, 1.3548348e-6, 7.8626499e-7
-0.394, 1.3467379e-6, 7.6357367e-7
-0.395, 1.3250195e-6, 8.1185868e-7
-0.396, 1.3758277e-6, 8.4312529e-7
-0.397, 1.3180604e-6, 8.6566814e-7
-0.398, 1.3700064e-6, 8.5882454e-7
-0.399, 1.3499537e-6, 8.1410144e-7
-0.400, 1.3875361e-6, 8.1913117e-7
-0.401, 1.4113489e-6, 8.0311861e-7
-0.402, 1.3487993e-6, 8.3537452e-7
-0.403, 1.4157519e-6, 8.1944444e-7
-0.404, 1.3365795e-6, 8.8769991e-7
-0.405, 1.4104253e-6, 9.1636088e-7
-0.406, 1.3925658e-6, 8.4639044e-7
-0.407, 1.3889874e-6, 8.5008440e-7
-0.408, 1.4286971e-6, 8.2351767e-7
-0.409, 1.3828692e-6, 8.3314831e-7
-0.410, 1.4437697e-6, 8.6019321e-7
-0.411, 1.3942973e-6, 8.6495902e-7
-0.412, 1.4442480e-6, 9.2501853e-7
-0.413, 1.4302143e-6, 9.2279231e-7
-0.414, 1.4175164e-6, 8.5389377e-7
-0.415, 1.4591888e-6, 8.5178294e-7
-0.416, 1.3967215e-6, 8.2303950e-7
-0.417, 1.4702870e-6, 8.8629821e-7
-0.418, 1.4302143e-6, 8.9060234e-7
-0.419, 1.4396305e-6, 8.7556271e-7
-0.420, 1.4585455e-6, 9.3819472e-7
-0.421, 1.4153561e-6, 8.7434239e-7
-0.422, 1.4646141e-6, 8.8464913e-7
-0.423, 1.4342052e-6, 8.3337920e-7
-0.424, 1.4604420e-6, 8.7432585e-7
-0.425, 1.4689676e-6, 9.1929621e-7
-0.426, 1.4539116e-6, 9.0151923e-7
-0.427, 1.4854585e-6, 9.5221191e-7
-0.428, 1.4301648e-6, 9.3478116e-7
-0.429, 1.4836776e-6, 9.0516363e-7
-0.430, 1.4686215e-6, 8.6337599e-7
-0.431, 1.4708806e-6, 8.1281519e-7
-0.432, 1.4920054e-6, 9.6208987e-7
-0.433, 1.4358707e-6, 9.0193146e-7
-0.434, 1.5041426e-6, 9.2552978e-7
-0.435, 1.4375858e-6, 9.2308915e-7
-0.436, 1.4800660e-6, 8.9291098e-7
-0.437, 1.4889051e-6, 9.1027584e-7
-0.438, 1.4571438e-6, 8.0089228e-7
-0.439, 1.4977442e-6, 9.3364321e-7
-0.440, 1.4425000e-6, 8.8639706e-7
-0.441, 1.4985521e-6, 9.2912478e-7
-0.442, 1.4627507e-6, 9.5692826e-7
-0.443, 1.4705342e-6, 9.1606404e-7
-0.444, 1.5025430e-6, 9.3156541e-7
-0.445, 1.4513555e-6, 8.2996559e-7
-0.446, 1.4982554e-6, 8.8166428e-7
-0.447, 1.4398614e-6, 8.7907517e-7
-0.448, 1.4621901e-6, 9.2318817e-7
-0.449, 1.4739314e-6, 9.6466238e-7
-0.450, 1.4442314e-6, 8.9350465e-7
-0.451, 1.4834137e-6, 9.1080352e-7
-0.452, 1.4323747e-6, 8.9708317e-7
-0.453, 1.4800989e-6, 8.3347817e-7
-0.454, 1.4510258e-6, 8.8075728e-7
-0.455, 1.4575230e-6, 8.7831665e-7
-0.456, 1.4704353e-6, 9.4098164e-7
-0.457, 1.4186543e-6, 9.3520993e-7
-0.458, 1.4699572e-6, 8.5277236e-7
-0.459, 1.4049670e-6, 8.7998217e-7
-0.460, 1.4451221e-6, 8.4208637e-7
-0.461, 1.4185717e-6, 8.2511724e-7
-0.462, 1.4112004e-6, 8.5207978e-7
-0.463, 1.4404552e-6, 8.9132789e-7
-0.464, 1.3841061e-6, 9.0237677e-7
-0.465, 1.4256793e-6, 8.9929290e-7
-0.466, 1.3912136e-6, 8.4949073e-7
-0.467, 1.4102275e-6, 8.7336934e-7
-0.468, 1.4060553e-6, 8.2330325e-7
-0.469, 1.3865631e-6, 8.4333965e-7
-0.470, 1.4011082e-6, 8.5570775e-7
-0.471, 1.3423019e-6, 8.6669058e-7
-0.472, 1.3901088e-6, 8.7945455e-7
-0.473, 1.3442477e-6, 8.4030535e-7
-0.474, 1.3592214e-6, 8.0089228e-7
-0.475, 1.3706825e-6, 7.7914098e-7
-0.476, 1.3177471e-6, 7.5600434e-7
-0.477, 1.3562860e-6, 8.2460605e-7
-0.478, 1.3076053e-6, 8.4803952e-7
-0.479, 1.3395149e-6, 8.5216220e-7
-0.480, 1.3334627e-6, 8.6434898e-7
-0.481, 1.3161804e-6, 7.7518314e-7
-0.482, 1.3246566e-6, 8.0643326e-7
-0.483, 1.2747390e-6, 7.4731366e-7
-0.484, 1.3218203e-6, 8.0033163e-7
-0.485, 1.2747885e-6, 8.1382109e-7
-0.486, 1.2766684e-6, 7.9629137e-7
-0.487, 1.2840399e-6, 8.2777228e-7
-0.488, 1.2311704e-6, 7.4734663e-7
-0.489, 1.2859527e-6, 7.6922998e-7
-0.490, 1.2187693e-6, 6.9060184e-7
-0.491, 1.2507285e-6, 7.3205968e-7
-0.492, 1.2343696e-6, 7.9266340e-7
-0.493, 1.2093531e-6, 7.2547988e-7
-0.494, 1.2438518e-6, 8.1359025e-7
-0.495, 1.1853919e-6, 7.2308870e-7
-0.496, 1.2337759e-6, 7.4459268e-7
-0.497, 1.1820607e-6, 6.9630761e-7
-0.498, 1.1720343e-6, 6.6830626e-7
-0.499, 1.1865297e-6, 7.7435863e-7
-0.500, 1.1353093e-6, 6.9863290e-7
