Dec. 9, 2005   01:17:26
Square Wave Voltammetry
File: d:\ida_biofilms\11_28_18_blankidapyo\10um_transfer\10um_pyo_transfer_swv_2.txt
Data Source:  Experiment
Instrument Model:  CHI760B
Header: 
Note: 

Init E (V) = 0.1
Final E (V) = -0.5
Incr E (V) = 0.001
Amplitude (V) = 0.025
Frequency (Hz) = 300
Quiet Time (sec) = 2
Sensitivity (A/V) = 1e-6
Sens 2 (A/V) = 1e-6

Potential/V, i1/A, i2/A

0.099, 1.6253664e-6, 1.1373542e-6
0.098, 1.5383940e-6, 1.0848804e-6
0.097, 1.7197269e-6, 1.2390694e-6
0.096, 1.6800336e-6, 1.3162135e-6
0.095, 1.5897299e-6, 1.2752503e-6
0.094, 1.8014223e-6, 1.4460124e-6
0.093, 1.5260258e-6, 1.1484855e-6
0.092, 1.7674678e-6, 1.2884263e-6
0.091, 1.5527739e-6, 1.1474631e-6
0.090, 1.6323751e-6, 1.1383931e-6
0.089, 1.7042751e-6, 1.3005636e-6
0.088, 1.5770813e-6, 1.1706655e-6
0.087, 1.7725633e-6, 1.3913291e-6
0.086, 1.4104253e-6, 1.2079348e-6
0.085, 1.6675664e-6, 1.1894816e-6
0.084, 1.5699738e-6, 1.2105734e-6
0.083, 1.5548023e-6, 1.0977433e-6
0.082, 1.6746245e-6, 1.3510420e-6
0.081, 1.4209465e-6, 1.0842539e-6
0.080, 1.7178800e-6, 1.3146632e-6
0.079, 1.5060721e-6, 1.1647783e-6
0.078, 1.5419560e-6, 1.1741287e-6
0.077, 1.6151753e-6, 1.2489804e-6
0.076, 1.5269000e-6, 1.0446264e-6
0.075, 1.6889880e-6, 1.2813189e-6
0.074, 1.4313522e-6, 1.1124037e-6
0.073, 1.5180113e-6, 1.2022124e-6
0.072, 1.5223319e-6, 1.2775754e-6
0.071, 1.4892018e-6, 1.2075554e-6
0.070, 1.6158349e-6, 1.2667904e-6
0.069, 1.4510587e-6, 9.8956355e-7
0.068, 1.5587271e-6, 1.1948575e-6
0.067, 1.4177638e-6, 1.0955499e-6
0.066, 1.4852441e-6, 1.1571760e-6
0.065, 1.5673847e-6, 1.2258604e-6
0.064, 1.4150592e-6, 1.1439670e-6
0.063, 1.6054621e-6, 1.3135418e-6
0.062, 1.4259597e-6, 1.0606059e-6
0.061, 1.4835950e-6, 1.0896792e-6
0.060, 1.4846339e-6, 1.1138877e-6
0.059, 1.4406364e-6, 1.1354578e-6
0.058, 1.5872067e-6, 1.2743762e-6
0.057, 1.3531198e-6, 1.1552962e-6
0.056, 1.5538129e-6, 1.2979251e-6
0.055, 1.3322755e-6, 1.0395967e-6
0.054, 1.4743107e-6, 1.1526411e-6
0.053, 1.4664116e-6, 1.0518164e-6
0.052, 1.4205343e-6, 1.0396791e-6
0.051, 1.5925002e-6, 1.2917245e-6
0.050, 1.3655704e-6, 1.0054937e-6
0.049, 1.4994757e-6, 1.2205007e-6
0.048, 1.4359200e-6, 1.0260412e-6
0.047, 1.4589084e-6, 1.0958468e-6
0.046, 1.5331004e-6, 1.0869747e-6
0.045, 1.2924996e-6, 1.0450881e-6
0.044, 1.5426157e-6, 1.2812363e-6
0.043, 1.3216718e-6, 9.4038796e-7
0.042, 1.4334960e-6, 1.1901577e-6
0.041, 1.4169557e-6, 1.1089735e-6
0.040, 1.3686376e-6, 1.0146790e-6
0.039, 1.5825728e-6, 1.1493760e-6
0.038, 1.3268829e-6, 8.3253815e-7
0.037, 1.4722164e-6, 1.2144156e-6
0.036, 1.3520314e-6, 1.0568295e-6
0.035, 1.3986180e-6, 1.1239636e-6
0.034, 1.5134269e-6, 1.1425323e-6
0.033, 1.3860849e-6, 1.0042404e-6
0.032, 1.5482390e-6, 1.1873212e-6
0.031, 1.2892344e-6, 8.7645321e-7
0.030, 1.4488654e-6, 9.5842893e-7
0.029, 1.4002505e-6, 1.0328520e-6
0.028, 1.3070445e-6, 1.0340888e-6
0.027, 1.5343043e-6, 1.2141847e-6
0.026, 1.2456987e-6, 9.3751862e-7
0.025, 1.5182258e-6, 1.0472319e-6
0.024, 1.2961606e-6, 9.2101129e-7
0.023, 1.3898448e-6, 9.0951721e-7
0.022, 1.4379650e-6, 1.1006787e-6
0.021, 1.3456990e-6, 9.3868948e-7
0.020, 1.5406697e-6, 1.1799168e-6
0.019, 1.1767343e-6, 1.0123869e-6
0.018, 1.4281860e-6, 9.6614667e-7
0.017, 1.3385585e-6, 1.0302134e-6
0.016, 1.3115136e-6, 9.0023292e-7
0.015, 1.4518008e-6, 1.0849628e-6
0.014, 1.2109690e-6, 8.8189512e-7
0.013, 1.4581663e-6, 1.0668890e-6
0.012, 1.2819290e-6, 9.6768031e-7
0.011, 1.3364311e-6, 9.8646331e-7
0.010, 1.4018007e-6, 1.0144812e-6
0.009, 1.3077865e-6, 9.1621246e-7
0.008, 1.4556101e-6, 1.0382115e-6
0.007, 1.2377997e-6, 9.0245919e-7
0.006, 1.3050657e-6, 1.0232048e-6
0.005, 1.2752173e-6, 1.0357048e-6
0.004, 1.2751843e-6, 1.0219516e-6
0.003, 1.3825725e-6, 1.0444451e-6
0.002, 1.2266353e-6, 7.9226760e-7
0.001, 1.3347491e-6, 9.8550686e-7
-0.000, 1.1803127e-6, 8.1291410e-7
-0.001, 1.2710286e-6, 9.4315851e-7
-0.002, 1.3260914e-6, 1.0022450e-6
-0.003, 1.2082480e-6, 9.7256157e-7
-0.004, 1.3711442e-6, 1.1315989e-6
-0.005, 1.2163121e-6, 8.3075719e-7
-0.006, 1.2513385e-6, 9.7209977e-7
-0.007, 1.2385252e-6, 8.2862982e-7
-0.008, 1.2459295e-6, 9.0889057e-7
-0.009, 1.3616950e-6, 1.0205333e-6
-0.010, 1.1502830e-6, 9.0150263e-7
-0.011, 1.3319291e-6, 1.0870738e-6
-0.012, 1.1101938e-6, 8.3512720e-7
-0.013, 1.2648445e-6, 9.1731732e-7
-0.014, 1.2440003e-6, 8.4700059e-7
-0.015, 1.1931591e-6, 7.6472799e-7
-0.016, 1.3581330e-6, 1.0413612e-6
-0.017, 1.1492936e-6, 7.8240612e-7
-0.018, 1.2926646e-6, 1.0688843e-6
-0.019, 1.2078524e-6, 8.6261741e-7
-0.020, 1.2378162e-6, 8.8929949e-7
-0.021, 1.3007120e-6, 9.6174358e-7
-0.022, 1.0617769e-6, 7.8074055e-7
-0.023, 1.3172853e-6, 1.0470835e-6
-0.024, 1.1016186e-6, 7.0666385e-7
-0.025, 1.2060384e-6, 9.3796382e-7
-0.026, 1.1850620e-6, 8.9063525e-7
-0.027, 1.1278059e-6, 8.0579002e-7
-0.028, 1.3401250e-6, 9.1078698e-7
-0.029, 1.0979741e-6, 6.4587880e-7
-0.030, 1.2263549e-6, 8.9543403e-7
-0.031, 1.1127829e-6, 8.3494581e-7
-0.032, 1.1573410e-6, 8.4310875e-7
-0.033, 1.2626183e-6, 9.6095209e-7
-0.034, 1.1429941e-6, 7.8789753e-7
-0.035, 1.2821599e-6, 9.4756149e-7
-0.036, 1.0512392e-6, 6.9947384e-7
-0.037, 1.1804116e-6, 6.8143294e-7
-0.038, 1.1408338e-6, 8.2035149e-7
-0.039, 1.0465887e-6, 7.9338901e-7
-0.040, 1.2441816e-6, 9.2772308e-7
-0.041, 1.0023440e-6, 7.5033154e-7
-0.042, 1.2339243e-6, 8.0085931e-7
-0.043, 1.0409819e-6, 7.1289742e-7
-0.044, 1.1279544e-6, 6.8679248e-7
-0.045, 1.1514538e-6, 7.9467526e-7
-0.046, 1.0891350e-6, 7.0585577e-7
-0.047, 1.2513880e-6, 8.9756145e-7
-0.048, 9.2815185e-7, 7.8585271e-7
-0.049, 1.1335283e-6, 7.6329331e-7
-0.050, 1.0484853e-6, 7.6027550e-7
-0.051, 1.0363480e-6, 6.7378119e-7
-0.052, 1.1308567e-6, 7.7330321e-7
-0.053, 9.4678649e-7, 6.5725743e-7
-0.054, 1.1618924e-6, 8.1215552e-7
-0.055, 9.9223507e-7, 6.7717826e-7
-0.056, 1.0421692e-6, 7.5262375e-7
-0.057, 1.0904544e-6, 7.5160131e-7
-0.058, 1.0229245e-6, 6.6202324e-7
-0.059, 1.1463582e-6, 7.7853076e-7
-0.060, 9.5922053e-7, 6.6297969e-7
-0.061, 9.9470867e-7, 7.5529522e-7
-0.062, 9.9553336e-7, 7.5984667e-7
-0.063, 9.7825091e-7, 7.2404515e-7
-0.064, 1.0764866e-6, 7.6502482e-7
-0.065, 9.3943152e-7, 5.6980667e-7
-0.066, 1.0190327e-6, 7.0326678e-7
-0.067, 8.8143338e-7, 5.4526839e-7
-0.068, 9.8031228e-7, 6.8001475e-7
-0.069, 1.0115128e-6, 7.1362297e-7
-0.070, 8.9352119e-7, 6.8453323e-7
-0.071, 1.0468196e-6, 7.9251498e-7
-0.072, 9.2104432e-7, 5.8875463e-7
-0.073, 9.7411169e-7, 6.5014990e-7
-0.074, 9.2861353e-7, 5.9071704e-7
-0.075, 9.2463927e-7, 6.5343158e-7
-0.076, 1.0049165e-6, 7.4513696e-7
-0.077, 8.2891017e-7, 6.7294019e-7
-0.078, 9.9822125e-7, 7.9015683e-7
-0.079, 8.0737317e-7, 5.7401189e-7
-0.080, 9.3016376e-7, 6.5006742e-7
-0.081, 9.1415114e-7, 5.6434823e-7
-0.082, 8.7539775e-7, 5.8252107e-7
-0.083, 1.0098473e-6, 7.5804923e-7
-0.084, 8.2892666e-7, 5.5750456e-7
-0.085, 9.5150284e-7, 7.5353074e-7
-0.086, 8.8136744e-7, 5.4305860e-7
-0.087, 8.9853438e-7, 5.9939123e-7
-0.088, 9.4586295e-7, 5.8672629e-7
-0.089, 7.9729733e-7, 5.6098406e-7
-0.090, 9.6070471e-7, 7.5628475e-7
-0.091, 7.8105393e-7, 4.8949653e-7
-0.092, 8.6265032e-7, 6.7859651e-7
-0.093, 8.6113323e-7, 5.5635019e-7
-0.094, 8.1743258e-7, 5.4033762e-7
-0.095, 9.6073768e-7, 5.6405145e-7
-0.096, 7.7409476e-7, 4.4483940e-7
-0.097, 8.8737011e-7, 6.7691451e-7
-0.098, 7.7308880e-7, 5.4353688e-7
-0.099, 8.2797021e-7, 6.0869201e-7
-0.100, 9.0397634e-7, 6.2246181e-7
-0.101, 8.3606722e-7, 5.2721094e-7
-0.102, 9.1923039e-7, 5.9355347e-7
-0.103, 7.2348450e-7, 4.2284069e-7
-0.104, 8.5240958e-7, 5.0400843e-7
-0.105, 7.9835274e-7, 5.3923276e-7
-0.106, 7.6081966e-7, 5.6469457e-7
-0.107, 8.9818803e-7, 6.2966831e-7
-0.108, 7.0588879e-7, 4.6410065e-7
-0.109, 9.3349485e-7, 5.5115561e-7
-0.110, 7.0499829e-7, 3.8944680e-7
-0.111, 7.9488967e-7, 4.9978678e-7
-0.112, 7.9050312e-7, 5.2806843e-7
-0.113, 7.5722471e-7, 5.0232632e-7
-0.114, 8.9568147e-7, 5.9749476e-7
-0.115, 6.2655153e-7, 4.4980311e-7
-0.116, 7.9484022e-7, 5.0108952e-7
-0.117, 7.1553592e-7, 4.3357619e-7
-0.118, 7.2183542e-7, 4.7071347e-7
-0.119, 7.7216532e-7, 5.7735951e-7
-0.120, 6.3515972e-7, 4.3685787e-7
-0.121, 8.2221493e-7, 5.6561805e-7
-0.122, 6.7630430e-7, 4.0583865e-7
-0.123, 7.1725094e-7, 4.7905780e-7
-0.124, 7.4545022e-7, 4.3623120e-7
-0.125, 7.0140334e-7, 4.4657094e-7
-0.126, 7.9691802e-7, 5.7765629e-7
-0.127, 6.5290385e-7, 4.5003401e-7
-0.128, 6.7508398e-7, 5.1711856e-7
-0.129, 6.7061495e-7, 4.7420951e-7
-0.130, 6.7119214e-7, 4.4220087e-7
-0.131, 7.5338232e-7, 4.5916991e-7
-0.132, 6.5529503e-7, 3.6978975e-7
-0.133, 6.9399891e-7, 5.2214830e-7
-0.134, 5.5475061e-7, 4.4073317e-7
-0.135, 6.7602394e-7, 4.9558162e-7
-0.136, 6.9729708e-7, 4.4297593e-7
-0.137, 6.0440436e-7, 4.1032413e-7
-0.138, 7.3402214e-7, 4.9126095e-7
-0.139, 6.2175275e-7, 3.6947642e-7
-0.140, 6.5773565e-7, 4.5013294e-7
-0.141, 6.3006411e-7, 4.3918305e-7
-0.142, 6.4426263e-7, 4.6969103e-7
-0.143, 6.9879775e-7, 4.9373466e-7
-0.144, 5.6949341e-7, 4.1642576e-7
-0.145, 7.0639999e-7, 4.6698656e-7
-0.146, 5.4338841e-7, 3.1322628e-7
-0.147, 6.4441110e-7, 4.7994831e-7
-0.148, 6.1985628e-7, 4.4503730e-7
-0.149, 5.9861611e-7, 4.3939741e-7
-0.150, 7.1057218e-7, 4.8553869e-7
-0.151, 5.7325326e-7, 3.0943340e-7
-0.152, 6.6383723e-7, 4.8024515e-7
-0.153, 5.9601058e-7, 2.8768204e-7
-0.154, 6.2660104e-7, 4.0938417e-7
-0.155, 6.4559845e-7, 4.3924899e-7
-0.156, 5.5611935e-7, 4.3097063e-7
-0.157, 6.8078981e-7, 5.3299925e-7
-0.158, 5.3591810e-7, 2.7424204e-7
-0.159, 6.1528829e-7, 4.0196329e-7
-0.160, 5.8346109e-7, 2.9424538e-7
-0.161, 5.5664702e-7, 3.6520532e-7
-0.162, 6.7679900e-7, 4.2956890e-7
-0.163, 5.3219117e-7, 3.1391892e-7
-0.164, 6.3085565e-7, 4.8755055e-7
-0.165, 5.3684158e-7, 3.4421254e-7
-0.166, 5.8984301e-7, 3.3191040e-7
-0.167, 6.2036747e-7, 3.2310430e-7
-0.168, 6.1157789e-7, 3.4929170e-7
-0.169, 6.7556221e-7, 4.4569691e-7
-0.170, 4.7354987e-7, 3.5366173e-7
-0.171, 6.2402847e-7, 3.3247107e-7
-0.172, 5.4566419e-7, 3.6383659e-7
-0.173, 5.3059159e-7, 3.5070988e-7
-0.174, 6.2968479e-7, 3.6126403e-7
-0.175, 4.7145556e-7, 3.4107927e-7
-0.176, 6.5597112e-7, 3.8326274e-7
-0.177, 4.8832561e-7, 3.0567352e-7
-0.178, 5.6993861e-7, 3.4648826e-7
-0.179, 5.6639311e-7, 3.8621459e-7
-0.180, 5.4662064e-7, 2.8910026e-7
-0.181, 6.7127462e-7, 3.7252721e-7
-0.182, 4.4236577e-7, 3.2699612e-7
-0.183, 5.7798616e-7, 3.5564068e-7
-0.184, 4.8720426e-7, 3.7767234e-7
-0.185, 5.1787720e-7, 3.6513933e-7
-0.186, 5.6103357e-7, 3.7435774e-7
-0.187, 4.7801893e-7, 2.5874070e-7
-0.188, 6.1339188e-7, 3.3311420e-7
-0.189, 4.7188431e-7, 2.5813054e-7
-0.190, 5.2298935e-7, 3.3662675e-7
-0.191, 5.4490556e-7, 3.5427192e-7
-0.192, 5.0644906e-7, 3.5625081e-7
-0.193, 5.8202636e-7, 4.4246474e-7
-0.194, 4.9530126e-7, 2.9182124e-7
-0.195, 5.1350708e-7, 3.0799873e-7
-0.196, 4.9746154e-7, 2.9635621e-7
-0.197, 4.9394902e-7, 3.4411357e-7
-0.198, 5.7312133e-7, 4.1154448e-7
-0.199, 4.8486254e-7, 3.3070654e-7
-0.200, 5.2399525e-7, 4.3484599e-7
-0.201, 3.9785709e-7, 3.1494136e-7
-0.202, 5.2788710e-7, 3.1611219e-7
-0.203, 5.1528809e-7, 3.1048882e-7
-0.204, 4.6769566e-7, 3.0860889e-7
-0.205, 5.5755402e-7, 4.4472398e-7
-0.206, 4.6939419e-7, 3.2862872e-7
-0.207, 5.2059818e-7, 3.5707535e-7
-0.208, 4.8677555e-7, 3.0432125e-7
-0.209, 5.2364896e-7, 3.3426858e-7
-0.210, 5.4348737e-7, 3.4099679e-7
-0.211, 4.3542315e-7, 3.6617828e-7
-0.212, 5.6421635e-7, 4.2110915e-7
-0.213, 4.0945014e-7, 2.9810423e-7
-0.214, 5.0113903e-7, 4.0974697e-7
-0.215, 4.6889949e-7, 3.3771514e-7
-0.216, 4.8779793e-7, 2.9690040e-7
-0.217, 5.8403828e-7, 3.4850012e-7
-0.218, 4.6067058e-7, 2.4826903e-7
-0.219, 5.3458234e-7, 4.5572332e-7
-0.220, 4.7333555e-7, 3.1931140e-7
-0.221, 5.2409416e-7, 3.5179826e-7
-0.222, 5.4037065e-7, 3.4365183e-7
-0.223, 4.6271541e-7, 3.2411026e-7
-0.224, 5.6931196e-7, 3.9993495e-7
-0.225, 4.4734600e-7, 2.3903419e-7
-0.226, 5.2292336e-7, 3.5191368e-7
-0.227, 4.9981975e-7, 3.1701921e-7
-0.228, 4.7808487e-7, 3.4746120e-7
-0.229, 5.9525200e-7, 3.5417295e-7
-0.230, 4.6062110e-7, 2.5379344e-7
-0.231, 5.6804220e-7, 3.4543285e-7
-0.232, 4.5508017e-7, 2.8294917e-7
-0.233, 5.1685470e-7, 3.4653772e-7
-0.234, 5.6207250e-7, 3.7970074e-7
-0.235, 5.5075986e-7, 3.3045922e-7
-0.236, 6.0199670e-7, 4.0097385e-7
-0.237, 4.2882687e-7, 3.0061085e-7
-0.238, 5.7645252e-7, 2.2138902e-7
-0.239, 4.8792987e-7, 3.1899810e-7
-0.240, 4.8789690e-7, 3.3370787e-7
-0.241, 5.7935483e-7, 4.2046599e-7
-0.242, 4.3812764e-7, 3.4914328e-7
-0.243, 6.2754100e-7, 3.3903441e-7
-0.244, 4.6372136e-7, 2.3895171e-7
-0.245, 5.5707579e-7, 2.8191027e-7
-0.246, 5.4602697e-7, 3.1985559e-7
-0.247, 5.1871820e-7, 2.7841423e-7
-0.248, 6.5067758e-7, 4.2198315e-7
-0.249, 4.3326284e-7, 3.4378377e-7
-0.250, 5.7951979e-7, 3.7953581e-7
-0.251, 4.9848393e-7, 3.3715446e-7
-0.252, 5.2765620e-7, 2.8146502e-7
-0.253, 5.8247167e-7, 3.2016891e-7
-0.254, 4.7107625e-7, 2.5507973e-7
-0.255, 6.2564459e-7, 4.2899171e-7
-0.256, 4.9970430e-7, 3.3575276e-7
-0.257, 5.6880077e-7, 3.2417620e-7
-0.258, 5.7302236e-7, 3.3367490e-7
-0.259, 5.5196364e-7, 2.9500396e-7
-0.260, 6.2158779e-7, 3.9325616e-7
-0.261, 5.1683821e-7, 3.5018221e-7
-0.262, 5.5057842e-7, 3.9289338e-7
-0.263, 5.3885344e-7, 4.0237558e-7
-0.264, 5.6307840e-7, 3.7678188e-7
-0.265, 6.3567097e-7, 4.0628390e-7
-0.266, 5.3586865e-7, 2.5702565e-7
-0.267, 6.0633380e-7, 3.7567696e-7
-0.268, 4.5262306e-7, 3.3868810e-7
-0.269, 5.8191097e-7, 3.9000747e-7
-0.270, 5.9307524e-7, 4.0054510e-7
-0.271, 5.5442081e-7, 3.4558124e-7
-0.272, 6.6861958e-7, 4.7727684e-7
-0.273, 5.4916023e-7, 3.0201255e-7
-0.274, 6.3092159e-7, 3.5376070e-7
-0.275, 5.8606668e-7, 3.6593093e-7
-0.276, 6.0151848e-7, 3.8149824e-7
-0.277, 6.4231676e-7, 4.7689753e-7
-0.278, 5.2971757e-7, 4.2732620e-7
-0.279, 6.9119551e-7, 4.7961851e-7
-0.280, 5.2089501e-7, 3.1710164e-7
-0.281, 6.4507071e-7, 3.9274494e-7
-0.282, 6.0320053e-7, 3.9569682e-7
-0.283, 6.0804882e-7, 3.8227330e-7
-0.284, 7.3692451e-7, 5.0280460e-7
-0.285, 5.9610954e-7, 3.4840116e-7
-0.286, 7.0151873e-7, 5.3492863e-7
-0.287, 6.3844141e-7, 3.3052515e-7
-0.288, 6.7815131e-7, 3.6154435e-7
-0.289, 7.0038084e-7, 4.4347064e-7
-0.290, 6.0503100e-7, 3.9442702e-7
-0.291, 7.3801289e-7, 5.4831918e-7
-0.292, 6.0672960e-7, 3.1644200e-7
-0.293, 7.1347461e-7, 4.4474046e-7
-0.294, 6.6264994e-7, 3.8398832e-7
-0.295, 6.5029832e-7, 3.5974688e-7
-0.296, 7.9116273e-7, 4.9195364e-7
-0.297, 6.3880418e-7, 3.4947308e-7
-0.298, 7.3626489e-7, 5.4559820e-7
-0.299, 6.3125140e-7, 4.1777798e-7
-0.300, 7.2069759e-7, 4.2297259e-7
-0.301, 7.6184210e-7, 4.2602340e-7
-0.302, 7.4312499e-7, 3.4807138e-7
-0.303, 8.2364966e-7, 5.4198671e-7
-0.304, 5.9894597e-7, 4.1345743e-7
-0.305, 7.8011385e-7, 4.2935454e-7
-0.306, 6.9111303e-7, 4.6462833e-7
-0.307, 6.8628123e-7, 4.2523183e-7
-0.308, 8.0445432e-7, 5.1040684e-7
-0.309, 6.4361950e-7, 3.2758979e-7
-0.310, 8.5831323e-7, 4.8078937e-7
-0.311, 6.5770269e-7, 3.3849022e-7
-0.312, 7.5043044e-7, 4.6888300e-7
-0.313, 7.5158482e-7, 4.8710535e-7
-0.314, 7.4122863e-7, 3.6078578e-7
-0.315, 8.8309895e-7, 5.2481982e-7
-0.316, 6.0882394e-7, 3.3532399e-7
-0.317, 8.1009421e-7, 4.7978341e-7
-0.318, 6.8441778e-7, 4.5781769e-7
-0.319, 7.2612301e-7, 4.7617192e-7
-0.320, 8.0524592e-7, 5.3867205e-7
-0.321, 6.6784452e-7, 3.6050540e-7
-0.322, 8.3700718e-7, 5.4817076e-7
-0.323, 6.8017965e-7, 3.2661683e-7
-0.324, 7.5923657e-7, 4.2346733e-7
-0.325, 7.7430911e-7, 4.3293306e-7
-0.326, 7.3436843e-7, 4.5189745e-7
-0.327, 8.2323731e-7, 5.8888656e-7
-0.328, 6.9952335e-7, 4.1365530e-7
-0.329, 7.4980380e-7, 5.0021549e-7
-0.330, 7.2303919e-7, 3.8685772e-7
-0.331, 7.4531835e-7, 4.6713495e-7
-0.332, 8.1982375e-7, 5.0737253e-7
-0.333, 7.1444754e-7, 4.2989873e-7
-0.334, 7.9449387e-7, 5.9688460e-7
-0.335, 6.1377114e-7, 4.2059793e-7
-0.336, 7.6520621e-7, 4.9871483e-7
-0.337, 7.6416734e-7, 4.1235251e-7
-0.338, 7.1149566e-7, 3.9892902e-7
-0.339, 8.1489304e-7, 6.0325004e-7
-0.340, 6.9225092e-7, 4.4305841e-7
-0.341, 7.7895953e-7, 5.4475714e-7
-0.342, 7.2272587e-7, 4.2394555e-7
-0.343, 7.6444763e-7, 4.6058810e-7
-0.344, 8.0602092e-7, 4.5936778e-7
-0.345, 6.5072709e-7, 5.0272212e-7
-0.346, 8.2882775e-7, 5.9846775e-7
-0.347, 6.3219136e-7, 4.1129709e-7
-0.348, 7.5334935e-7, 5.5544319e-7
-0.349, 7.2328658e-7, 4.5755382e-7
-0.350, 7.4053605e-7, 4.3235588e-7
-0.351, 8.5491621e-7, 5.0059481e-7
-0.352, 6.9927603e-7, 3.6091771e-7
-0.353, 8.0996227e-7, 6.1713530e-7
-0.354, 7.2881102e-7, 4.6556832e-7
-0.355, 7.8461596e-7, 5.1134680e-7
-0.356, 7.9975445e-7, 5.0580587e-7
-0.357, 7.0572389e-7, 4.6741530e-7
-0.358, 8.4639044e-7, 5.5288712e-7
-0.359, 6.8677593e-7, 3.5094075e-7
-0.360, 7.9038762e-7, 5.1195696e-7
-0.361, 7.3608351e-7, 4.8595098e-7
-0.362, 7.2007089e-7, 5.1015945e-7
-0.363, 8.7270973e-7, 5.1736595e-7
-0.364, 7.1424961e-7, 4.0417308e-7
-0.365, 8.2889369e-7, 5.1527161e-7
-0.366, 7.0803264e-7, 4.2218102e-7
-0.367, 7.8275247e-7, 4.6909739e-7
-0.368, 8.3610018e-7, 5.3230661e-7
-0.369, 8.0427299e-7, 4.9652158e-7
-0.370, 9.0806600e-7, 5.6667346e-7
-0.371, 6.6307871e-7, 4.5943378e-7
-0.372, 8.6293073e-7, 3.7976670e-7
-0.373, 7.6481047e-7, 4.8349386e-7
-0.374, 7.5074377e-7, 4.8349386e-7
-0.375, 8.8892023e-7, 6.1105021e-7
-0.376, 6.9188809e-7, 5.1029139e-7
-0.377, 9.4858399e-7, 5.4963846e-7
-0.378, 7.2567775e-7, 4.1563419e-7
-0.379, 8.2686529e-7, 4.2333539e-7
-0.380, 8.4333965e-7, 5.1451303e-7
-0.381, 8.0094179e-7, 4.5722399e-7
-0.382, 9.6260123e-7, 6.1467819e-7
-0.383, 6.6927919e-7, 4.9894572e-7
-0.384, 8.7736015e-7, 5.2048267e-7
-0.385, 7.8097139e-7, 5.1950974e-7
-0.386, 8.1904864e-7, 4.3116850e-7
-0.387, 8.8916761e-7, 5.6970782e-7
-0.388, 7.5517983e-7, 4.2305507e-7
-0.389, 9.4210304e-7, 6.2538072e-7
-0.390, 7.7279196e-7, 4.8049247e-7
-0.391, 8.5217869e-7, 5.2447348e-7
-0.392, 8.8928306e-7, 5.1276504e-7
-0.393, 8.2983365e-7, 4.4774180e-7
-0.394, 9.5038143e-7, 6.3766635e-7
-0.395, 7.9718188e-7, 5.0095758e-7
-0.396, 8.7755802e-7, 6.0651524e-7
-0.397, 8.3179606e-7, 5.9920978e-7
-0.398, 8.4700059e-7, 5.4343792e-7
-0.399, 9.7218231e-7, 5.8865567e-7
-0.400, 8.2318786e-7, 4.0511304e-7
-0.401, 9.5856092e-7, 6.4648896e-7
-0.402, 7.4568106e-7, 5.0968123e-7
-0.403, 9.1700406e-7, 6.0165041e-7
-0.404, 9.2066500e-7, 5.9401521e-7
-0.405, 8.6164442e-7, 5.2310475e-7
-0.406, 1.0188018e-6, 7.0710911e-7
-0.407, 8.5913780e-7, 4.2729317e-7
-0.408, 9.8097189e-7, 6.0714189e-7
-0.409, 8.8962929e-7, 5.4531785e-7
-0.410, 9.3202715e-7, 6.1852052e-7
-0.411, 1.0105399e-6, 7.1172656e-7
-0.412, 8.2209948e-7, 6.1411748e-7
-0.413, 1.0604905e-6, 7.5377807e-7
-0.414, 8.3575389e-7, 4.3809467e-7
-0.415, 9.8717237e-7, 6.7127462e-7
-0.416, 9.4081679e-7, 6.1576657e-7
-0.417, 9.5433927e-7, 6.0635034e-7
-0.418, 1.1067802e-6, 7.6641004e-7
-0.419, 9.3118615e-7, 4.8133353e-7
-0.420, 1.0806588e-6, 7.6746551e-7
-0.421, 9.6876875e-7, 5.1537057e-7
-0.422, 1.0320604e-6, 6.4586231e-7
-0.423, 1.0580004e-6, 6.7259384e-7
-0.424, 9.3829368e-7, 6.5397580e-7
-0.425, 1.1120572e-6, 8.5024931e-7
-0.426, 9.2806943e-7, 4.8900176e-7
-0.427, 1.0749200e-6, 6.5945068e-7
-0.428, 1.0258104e-6, 5.3367535e-7
-0.429, 1.0082312e-6, 6.6868557e-7
-0.430, 1.1868266e-6, 7.5038099e-7
-0.431, 9.6268354e-7, 5.8225726e-7
-0.432, 1.1391022e-6, 8.1767996e-7
-0.433, 1.0052463e-6, 6.0438794e-7
-0.434, 1.0863151e-6, 6.7488605e-7
-0.435, 1.1710449e-6, 6.2313796e-7
-0.436, 1.1294716e-6, 6.3407140e-7
-0.437, 1.2291255e-6, 7.7828349e-7
-0.438, 9.2607399e-7, 6.7282474e-7
-0.439, 1.1745079e-6, 6.5498170e-7
-0.440, 1.0663778e-6, 6.7887686e-7
-0.441, 1.0427464e-6, 6.5583924e-7
-0.442, 1.2351281e-6, 7.0973118e-7
-0.443, 9.7534860e-7, 6.3865576e-7
-0.444, 1.2655701e-6, 7.7655193e-7
-0.445, 1.0264370e-6, 6.4914394e-7
-0.446, 1.1450719e-6, 7.1129773e-7
-0.447, 1.1936372e-6, 7.0455303e-7
-0.448, 1.1124696e-6, 5.7971766e-7
-0.449, 1.3016850e-6, 7.3885394e-7
-0.450, 9.5740654e-7, 6.5423967e-7
-0.451, 1.1923345e-6, 7.5071080e-7
-0.452, 1.0869747e-6, 7.9155853e-7
-0.453, 1.1115296e-6, 7.0247518e-7
-0.454, 1.2291914e-6, 7.6751485e-7
-0.455, 1.0305432e-6, 5.1685470e-7
-0.456, 1.2500028e-6, 7.5527873e-7
-0.457, 1.0548672e-6, 6.3669341e-7
-0.458, 1.1368264e-6, 7.4147596e-7
-0.459, 1.2105734e-6, 8.2376511e-7
-0.460, 1.1165098e-6, 7.1636043e-7
-0.461, 1.2685221e-6, 8.6908176e-7
-0.462, 1.0734193e-6, 6.0455284e-7
-0.463, 1.1452203e-6, 7.3832621e-7
-0.464, 1.1127663e-6, 7.6009405e-7
-0.465, 1.1272948e-6, 7.4599444e-7
-0.466, 1.2769158e-6, 8.8267024e-7
-0.467, 1.0622550e-6, 6.5231012e-7
-0.468, 1.2383767e-6, 8.2524923e-7
-0.469, 9.8623241e-7, 6.1030812e-7
-0.470, 1.1738318e-6, 7.4111313e-7
-0.471, 1.2074730e-6, 7.6583285e-7
-0.472, 1.0922683e-6, 7.2473779e-7
-0.473, 1.2896302e-6, 9.5912162e-7
-0.474, 1.0988151e-6, 6.5386030e-7
-0.475, 1.2098642e-6, 7.8779863e-7
-0.476, 1.1528721e-6, 6.6218820e-7
-0.477, 1.1570112e-6, 7.3900230e-7
-0.478, 1.2532515e-6, 8.4482377e-7
-0.479, 1.0282181e-6, 7.9930919e-7
-0.480, 1.2602271e-6, 9.6814210e-7
-0.481, 1.0434226e-6, 6.4363604e-7
-0.482, 1.1740627e-6, 8.2630470e-7
-0.483, 1.1649928e-6, 6.7389658e-7
-0.484, 1.1372056e-6, 7.3459927e-7
-0.485, 1.3099138e-6, 8.8761749e-7
-0.486, 1.1281028e-6, 7.0808210e-7
-0.487, 1.2241123e-6, 9.7117629e-7
-0.488, 1.1649267e-6, 7.2886047e-7
-0.489, 1.1811702e-6, 7.7292390e-7
-0.490, 1.2589574e-6, 7.5247533e-7
-0.491, 1.1140692e-6, 7.7209938e-7
-0.492, 1.2869258e-6, 9.4207007e-7
-0.493, 1.0854906e-6, 6.6812481e-7
-0.494, 1.1998378e-6, 8.3352757e-7
-0.495, 1.1843860e-6, 7.5064486e-7
-0.496, 1.1173179e-6, 7.4000826e-7
-0.497, 1.3426481e-6, 8.2625519e-7
-0.498, 1.0852926e-6, 6.8524236e-7
-0.499, 1.2358042e-6, 8.9713262e-7
-0.500, 1.1058237e-6, 8.4709956e-7
