Dec. 9, 2005   02:09:25
Square Wave Voltammetry
File: d:\ida_biofilms\11_28_18_blankidapyo\25um_transfer\25um_pyo_transfer_swv4_32.txt
Data Source:  Experiment
Instrument Model:  CHI760B
Header: 
Note: 

Init E (V) = 0.1
Final E (V) = -0.5
Incr E (V) = 0.001
Amplitude (V) = 0.025
Frequency (Hz) = 300
Quiet Time (sec) = 2
Sensitivity (A/V) = 1e-6
Sens 2 (A/V) = 1e-6

Potential/V, i1/A, i2/A

0.099, 7.5864290e-7, 3.8195995e-7
0.098, 6.5816442e-7, 4.1228657e-7
0.097, 7.3883746e-7, 4.8301558e-7
0.096, 6.5435506e-7, 4.8646223e-7
0.095, 7.0506428e-7, 5.3499457e-7
0.094, 6.7208265e-7, 5.1840487e-7
0.093, 6.7602400e-7, 4.4920947e-7
0.092, 7.1423312e-7, 4.9942395e-7
0.091, 6.4713208e-7, 3.8181156e-7
0.090, 6.8727070e-7, 4.6332559e-7
0.089, 6.2829963e-7, 4.6352346e-7
0.088, 6.6556879e-7, 4.8921618e-7
0.087, 6.5978054e-7, 5.4861601e-7
0.086, 6.2440773e-7, 4.6629390e-7
0.085, 6.7198368e-7, 4.3832551e-7
0.084, 6.0456932e-7, 4.3951286e-7
0.083, 6.4704960e-7, 3.8766578e-7
0.082, 6.1396906e-7, 4.5618509e-7
0.081, 6.0071045e-7, 4.1134660e-7
0.080, 6.3074015e-7, 5.1612915e-7
0.079, 5.7147230e-7, 4.5014943e-7
0.078, 6.2658455e-7, 4.1888285e-7
0.077, 5.8238913e-7, 4.1571661e-7
0.076, 6.1921315e-7, 3.5161690e-7
0.075, 6.0603696e-7, 4.3829255e-7
0.074, 5.7554553e-7, 4.1665660e-7
0.073, 5.9345450e-7, 4.3276810e-7
0.072, 5.5278815e-7, 4.8103669e-7
0.071, 5.7458902e-7, 3.9746132e-7
0.070, 5.5814769e-7, 4.0658074e-7
0.069, 5.6795972e-7, 3.4953905e-7
0.068, 5.7044986e-7, 3.6050545e-7
0.067, 5.2125779e-7, 3.9756026e-7
0.066, 5.6711872e-7, 3.9040327e-7
0.065, 5.1307836e-7, 4.1786046e-7
0.064, 5.5245835e-7, 4.0283732e-7
0.063, 5.4830264e-7, 3.8463145e-7
0.062, 5.4254741e-7, 3.6197312e-7
0.061, 5.6375455e-7, 3.1088462e-7
0.060, 5.0618519e-7, 3.8580231e-7
0.059, 5.5557518e-7, 3.8148175e-7
0.058, 5.0796621e-7, 3.8928187e-7
0.057, 5.1713505e-7, 4.0410708e-7
0.056, 5.4149200e-7, 3.9507015e-7
0.055, 4.9957237e-7, 3.4071644e-7
0.054, 5.4216810e-7, 3.0966430e-7
0.053, 4.7481967e-7, 2.8847359e-7
0.052, 5.1476036e-7, 3.7326930e-7
0.051, 5.0555855e-7, 3.7897513e-7
0.050, 4.9863240e-7, 3.8715456e-7
0.049, 5.1218785e-7, 4.0818034e-7
0.048, 4.7457232e-7, 3.5095724e-7
0.047, 5.2265943e-7, 3.5234248e-7
0.046, 4.8397203e-7, 2.8941361e-7
0.045, 5.0585538e-7, 3.6093419e-7
0.044, 4.9322341e-7, 3.8341116e-7
0.043, 4.6606306e-7, 3.4665317e-7
0.042, 5.0367862e-7, 3.5038008e-7
0.041, 4.5315076e-7, 3.0895518e-7
0.040, 4.9361915e-7, 3.5413996e-7
0.039, 4.6553535e-7, 2.7838124e-7
0.038, 4.7010329e-7, 2.6764573e-7
0.037, 4.9007372e-7, 3.6258325e-7
0.036, 4.3319687e-7, 3.4294271e-7
0.035, 4.8735262e-7, 3.8031089e-7
0.034, 4.2869490e-7, 3.0420586e-7
0.033, 4.8758352e-7, 3.1250073e-7
0.032, 4.8601692e-7, 3.0001718e-7
0.031, 4.2196666e-7, 2.6822289e-7
0.030, 4.8149843e-7, 3.1729954e-7
0.029, 3.9704906e-7, 3.1757986e-7
0.028, 4.7193379e-7, 3.6037349e-7
0.027, 4.3352671e-7, 3.3499418e-7
0.026, 4.4521866e-7, 2.8162992e-7
0.025, 4.8764952e-7, 3.3421910e-7
0.024, 4.2003722e-7, 2.4170569e-7
0.023, 4.5714154e-7, 3.0122101e-7
0.022, 4.1093429e-7, 3.1164319e-7
0.021, 4.5110590e-7, 3.3570325e-7
0.020, 4.4533414e-7, 3.8019544e-7
0.019, 4.2457219e-7, 2.9111214e-7
0.018, 4.6274840e-7, 3.0567350e-7
0.017, 3.9234916e-7, 2.4747746e-7
0.016, 4.5316727e-7, 2.5958173e-7
0.015, 4.1296266e-7, 3.1513923e-7
0.014, 4.1725031e-7, 2.6774467e-7
0.013, 4.3253726e-7, 3.4701594e-7
0.012, 3.8835839e-7, 3.2264256e-7
0.011, 4.3923251e-7, 2.9553166e-7
0.010, 4.0724035e-7, 2.8540632e-7
0.009, 4.3192711e-7, 2.3669250e-7
0.008, 4.2119160e-7, 3.2932132e-7
0.007, 4.1230305e-7, 2.9795581e-7
0.006, 4.3069031e-7, 3.1807460e-7
0.005, 3.8440061e-7, 3.1474346e-7
0.004, 4.4000757e-7, 2.8951251e-7
0.003, 4.0100684e-7, 2.8552174e-7
0.002, 4.1649173e-7, 2.4224988e-7
0.001, 4.2257682e-7, 2.5977960e-7
-0.000, 3.7618818e-7, 2.9520186e-7
-0.001, 4.3626420e-7, 2.8980935e-7
-0.002, 3.7927197e-7, 3.3529099e-7
-0.003, 4.1281427e-7, 2.7948613e-7
-0.004, 4.1756363e-7, 3.0153433e-7
-0.005, 4.0893894e-7, 2.3189367e-7
-0.006, 4.3210849e-7, 2.4988515e-7
-0.007, 3.7671589e-7, 2.9980276e-7
-0.008, 4.1955897e-7, 2.9132650e-7
-0.009, 3.8120140e-7, 2.9891228e-7
-0.010, 3.8792965e-7, 3.1116494e-7
-0.011, 4.1804185e-7, 2.8873745e-7
-0.012, 3.9154111e-7, 2.4835148e-7
-0.013, 4.2763946e-7, 2.2963442e-7
-0.014, 3.6068684e-7, 2.5099001e-7
-0.015, 4.0989539e-7, 3.1645851e-7
-0.016, 3.9629046e-7, 3.1317683e-7
-0.017, 3.9673574e-7, 3.0747100e-7
-0.018, 4.1349040e-7, 2.9292613e-7
-0.019, 3.7178515e-7, 2.9447625e-7
-0.020, 4.3250429e-7, 2.3052492e-7
-0.021, 3.8405432e-7, 2.2321950e-7
-0.022, 4.2198315e-7, 2.8270182e-7
-0.023, 4.0758667e-7, 3.1494136e-7
-0.024, 3.8853980e-7, 2.9538324e-7
-0.025, 4.2203260e-7, 2.9284368e-7
-0.026, 3.7958529e-7, 2.5953224e-7
-0.027, 4.2605637e-7, 2.9604288e-7
-0.028, 3.9525156e-7, 2.3507639e-7
-0.029, 3.9127727e-7, 2.7884298e-7
-0.030, 4.2587499e-7, 2.9046899e-7
-0.031, 3.6009317e-7, 3.2648492e-7
-0.032, 4.1683802e-7, 3.0733906e-7
-0.033, 3.6962484e-7, 2.4975321e-7
-0.034, 4.2688094e-7, 2.6761273e-7
-0.035, 4.2285717e-7, 2.3916613e-7
-0.036, 3.8192698e-7, 2.5966418e-7
-0.037, 4.2374768e-7, 2.7509958e-7
-0.038, 3.6353975e-7, 3.0041295e-7
-0.039, 4.1594751e-7, 3.5364525e-7
-0.040, 3.9281093e-7, 2.6630997e-7
-0.041, 4.0258999e-7, 2.6367144e-7
-0.042, 4.3332881e-7, 2.6683767e-7
-0.043, 3.8136631e-7, 2.2313705e-7
-0.044, 4.2038354e-7, 3.1398486e-7
-0.045, 3.7432471e-7, 2.7208176e-7
-0.046, 4.2399503e-7, 3.3471383e-7
-0.047, 4.1314405e-7, 3.1784373e-7
-0.048, 4.1174235e-7, 2.7706196e-7
-0.049, 4.2874439e-7, 2.7531394e-7
-0.050, 3.8372448e-7, 2.2333494e-7
-0.051, 4.3153130e-7, 3.0493140e-7
-0.052, 3.8966118e-7, 2.9032057e-7
-0.053, 4.1584855e-7, 2.8888590e-7
-0.054, 4.2571006e-7, 3.2143873e-7
-0.055, 3.7897513e-7, 2.7505010e-7
-0.056, 4.3606630e-7, 2.8402110e-7
-0.057, 3.8783068e-7, 2.3162980e-7
-0.058, 4.4635652e-7, 2.9447625e-7
-0.059, 4.1291321e-7, 3.1734902e-7
-0.060, 4.1868498e-7, 3.0822960e-7
-0.061, 4.3723713e-7, 3.3228966e-7
-0.062, 3.9587820e-7, 3.0659700e-7
-0.063, 4.5263954e-7, 2.9851651e-7
-0.064, 4.0984594e-7, 2.4142537e-7
-0.065, 4.2843104e-7, 2.6578226e-7
-0.066, 4.4348715e-7, 3.2732595e-7
-0.067, 3.9045273e-7, 2.8540632e-7
-0.068, 4.6113232e-7, 3.5178181e-7
-0.069, 3.9363545e-7, 3.1789321e-7
-0.070, 4.4666990e-7, 2.9657059e-7
-0.071, 4.4323980e-7, 3.1266563e-7
-0.072, 4.2630376e-7, 2.2158690e-7
-0.073, 4.7138960e-7, 3.2356604e-7
-0.074, 4.0529446e-7, 2.9699936e-7
-0.075, 4.7513302e-7, 3.3616502e-7
-0.076, 4.2061441e-7, 3.4625737e-7
-0.077, 4.4256365e-7, 2.8713785e-7
-0.078, 4.5920288e-7, 3.3670921e-7
-0.079, 4.3171272e-7, 2.1266540e-7
-0.080, 4.7937112e-7, 2.8468071e-7
-0.081, 4.0757018e-7, 3.0418934e-7
-0.082, 4.6764615e-7, 3.5191374e-7
-0.083, 4.5735592e-7, 3.6322641e-7
-0.084, 4.5313425e-7, 3.1439714e-7
-0.085, 4.8939756e-7, 3.2419268e-7
-0.086, 4.3504389e-7, 2.9150792e-7
-0.087, 4.8120160e-7, 2.6909692e-7
-0.088, 4.4269558e-7, 3.2270850e-7
-0.089, 4.8072337e-7, 3.1840443e-7
-0.090, 4.9446021e-7, 3.5404105e-7
-0.091, 4.4919295e-7, 3.2524810e-7
-0.092, 4.9742857e-7, 2.9505344e-7
-0.093, 4.5141923e-7, 3.1459507e-7
-0.094, 5.0080916e-7, 2.8839116e-7
-0.095, 4.8131704e-7, 3.3001393e-7
-0.096, 4.7716139e-7, 3.0531072e-7
-0.097, 5.1784417e-7, 3.4469076e-7
-0.098, 4.4940737e-7, 3.6860240e-7
-0.099, 5.1436461e-7, 3.4602652e-7
-0.100, 4.7638630e-7, 3.0989514e-7
-0.101, 5.2114234e-7, 2.7745776e-7
-0.102, 5.2569385e-7, 3.2620457e-7
-0.103, 4.7399516e-7, 3.2519864e-7
-0.104, 5.2455596e-7, 3.1683780e-7
-0.105, 4.6507361e-7, 3.8045931e-7
-0.106, 5.2486928e-7, 3.6823963e-7
-0.107, 4.9503740e-7, 3.4129366e-7
-0.108, 5.1073664e-7, 3.3060761e-7
-0.109, 5.4558171e-7, 3.0287006e-7
-0.110, 4.9747803e-7, 3.4124417e-7
-0.111, 5.3860612e-7, 3.6034052e-7
-0.112, 5.0348069e-7, 3.7378055e-7
-0.113, 5.4272880e-7, 4.0414011e-7
-0.114, 5.3731981e-7, 3.5559117e-7
-0.115, 5.2044976e-7, 3.4724684e-7
-0.116, 5.5267276e-7, 2.9726320e-7
-0.117, 5.0722412e-7, 3.0545914e-7
-0.118, 5.5639964e-7, 3.6908065e-7
-0.119, 5.1393584e-7, 3.6269870e-7
-0.120, 5.5949994e-7, 3.5415647e-7
-0.121, 5.5681198e-7, 3.8896854e-7
-0.122, 5.2148869e-7, 3.5433789e-7
-0.123, 5.7773877e-7, 3.7313737e-7
-0.124, 5.2780462e-7, 3.0118801e-7
-0.125, 5.6687134e-7, 3.7526470e-7
-0.126, 5.6715169e-7, 3.8680827e-7
-0.127, 5.5447026e-7, 3.7864532e-7
-0.128, 5.8941430e-7, 4.2061441e-7
-0.129, 5.3492863e-7, 3.6363869e-7
-0.130, 6.0480022e-7, 3.8393887e-7
-0.131, 5.5974732e-7, 3.2326921e-7
-0.132, 5.8055866e-7, 3.1957524e-7
-0.133, 5.9935820e-7, 4.1781095e-7
-0.134, 5.4363579e-7, 3.6894872e-7
-0.135, 6.1019273e-7, 4.0882350e-7
-0.136, 5.4256390e-7, 3.9815396e-7
-0.137, 6.0174938e-7, 3.8614863e-7
-0.138, 6.0158447e-7, 3.9873112e-7
-0.139, 5.9099739e-7, 3.0085820e-7
-0.140, 6.2651856e-7, 4.1378723e-7
-0.141, 5.6980667e-7, 3.8083857e-7
-0.142, 6.3346113e-7, 4.1687099e-7
-0.143, 5.8299935e-7, 4.0808141e-7
-0.144, 6.0089189e-7, 3.9426209e-7
-0.145, 6.2107665e-7, 4.1441388e-7
-0.146, 5.8652836e-7, 3.1108249e-7
-0.147, 6.3641301e-7, 3.2843081e-7
-0.148, 5.8004747e-7, 3.8626408e-7
-0.149, 6.2138997e-7, 4.0024827e-7
-0.150, 6.1695391e-7, 4.1952603e-7
-0.151, 6.1288063e-7, 3.8943031e-7
-0.152, 6.4038733e-7, 4.1386966e-7
-0.153, 5.9498814e-7, 3.9160710e-7
-0.154, 6.5311826e-7, 3.5348035e-7
-0.155, 6.1850403e-7, 3.8913348e-7
-0.156, 6.4206938e-7, 4.1283076e-7
-0.157, 6.5130422e-7, 4.5209535e-7
-0.158, 6.1301262e-7, 4.3657752e-7
-0.159, 6.6561824e-7, 3.9510314e-7
-0.160, 6.0664718e-7, 3.9558137e-7
-0.161, 6.5908790e-7, 3.6931152e-7
-0.162, 6.3552255e-7, 3.8816052e-7
-0.163, 6.2752451e-7, 4.0793299e-7
-0.164, 6.6591508e-7, 4.1589800e-7
-0.165, 6.0941761e-7, 4.5324970e-7
-0.166, 6.6799294e-7, 4.2754056e-7
-0.167, 6.2610627e-7, 3.9323967e-7
-0.168, 6.6563473e-7, 4.1103323e-7
-0.169, 6.7295667e-7, 3.8105298e-7
-0.170, 6.3755090e-7, 4.1220412e-7
-0.171, 6.8563810e-7, 4.1424897e-7
-0.172, 6.1647569e-7, 4.2699634e-7
-0.173, 6.8044346e-7, 4.9338831e-7
-0.174, 6.4779169e-7, 4.0979646e-7
-0.175, 6.5964855e-7, 4.0521201e-7
-0.176, 6.8718828e-7, 3.8771526e-7
-0.177, 6.2709580e-7, 3.6205557e-7
-0.178, 7.0306885e-7, 4.3327935e-7
-0.179, 6.4234973e-7, 4.0524498e-7
-0.180, 6.9607677e-7, 4.7411055e-7
-0.181, 6.8895275e-7, 4.7061451e-7
-0.182, 6.6276539e-7, 4.2237892e-7
-0.183, 7.0795011e-7, 4.2442377e-7
-0.184, 6.5504764e-7, 3.7107606e-7
-0.185, 7.1080308e-7, 4.4721406e-7
-0.186, 6.8707277e-7, 4.3327935e-7
-0.187, 7.0016648e-7, 4.4386644e-7
-0.188, 7.1428258e-7, 4.8840809e-7
-0.189, 6.4706609e-7, 4.4249771e-7
-0.190, 7.2609004e-7, 4.3347723e-7
-0.191, 6.7945405e-7, 3.8034386e-7
-0.192, 7.1429906e-7, 3.9248110e-7
-0.193, 7.1449699e-7, 4.7979989e-7
-0.194, 6.9144289e-7, 4.3045941e-7
-0.195, 7.3222463e-7, 4.8730323e-7
-0.196, 6.8977727e-7, 4.6817388e-7
-0.197, 7.4889681e-7, 4.4572988e-7
-0.198, 7.1535453e-7, 4.5057823e-7
-0.199, 7.2158804e-7, 4.0260645e-7
-0.200, 7.5974776e-7, 4.9619177e-7
-0.201, 7.0043035e-7, 4.4820354e-7
-0.202, 7.5770294e-7, 4.8698990e-7
-0.203, 7.0633405e-7, 4.8382367e-7
-0.204, 7.5346475e-7, 4.6329262e-7
-0.205, 7.6302945e-7, 4.8225701e-7
-0.206, 7.4789091e-7, 3.8286697e-7
-0.207, 7.8548987e-7, 4.4841789e-7
-0.208, 7.2475427e-7, 4.6698653e-7
-0.209, 7.8674327e-7, 4.8105323e-7
-0.210, 7.5267320e-7, 4.7260988e-7
-0.211, 7.7284142e-7, 4.9650504e-7
-0.212, 7.8844175e-7, 5.1273202e-7
-0.213, 7.6817457e-7, 4.3344426e-7
-0.214, 8.0705991e-7, 4.2458868e-7
-0.215, 7.6020950e-7, 4.7364881e-7
-0.216, 7.9516997e-7, 4.9848398e-7
-0.217, 7.9444442e-7, 5.2221424e-7
-0.218, 7.7838240e-7, 5.2350055e-7
-0.219, 8.2518329e-7, 5.1111596e-7
-0.220, 7.7206636e-7, 4.8718778e-7
-0.221, 8.4455996e-7, 4.4078266e-7
-0.222, 7.9986989e-7, 4.7053209e-7
-0.223, 8.5082644e-7, 4.9930850e-7
-0.224, 8.4172348e-7, 5.2775516e-7
-0.225, 7.9165738e-7, 5.5381065e-7
-0.226, 8.6241954e-7, 5.2147220e-7
-0.227, 7.9048664e-7, 5.0080916e-7
-0.228, 8.6583310e-7, 5.3011331e-7
-0.229, 8.3938187e-7, 4.6540342e-7
-0.230, 8.3245573e-7, 5.0725708e-7
-0.231, 8.8377510e-7, 5.4643925e-7
-0.232, 8.2143981e-7, 5.3570369e-7
-0.233, 8.8285157e-7, 5.9055213e-7
-0.234, 8.3662786e-7, 4.9294306e-7
-0.235, 8.8410485e-7, 5.2529799e-7
-0.236, 9.1626191e-7, 5.2567731e-7
-0.237, 8.5313519e-7, 4.6573325e-7
-0.238, 9.1753179e-7, 5.4836863e-7
-0.239, 8.5636736e-7, 5.1914697e-7
-0.240, 9.1530546e-7, 5.7615563e-7
-0.241, 8.7843205e-7, 5.7641950e-7
-0.242, 8.8568800e-7, 5.0357966e-7
-0.243, 9.3222513e-7, 5.7023544e-7
-0.244, 8.7393005e-7, 4.7665014e-7
-0.245, 9.3863997e-7, 5.2726040e-7
-0.246, 8.9264711e-7, 5.4070040e-7
-0.247, 9.2074748e-7, 5.8293341e-7
-0.248, 9.2910830e-7, 6.5778511e-7
-0.249, 9.1395327e-7, 5.7523215e-7
-0.250, 9.5404243e-7, 5.6260023e-7
-0.251, 9.0585627e-7, 5.6777833e-7
-0.252, 9.6815847e-7, 5.0057832e-7
-0.253, 9.3159838e-7, 5.8796309e-7
-0.254, 9.4320797e-7, 5.5917013e-7
-0.255, 9.6721851e-7, 6.3802912e-7
-0.256, 9.1405218e-7, 6.2900870e-7
-0.257, 9.8638088e-7, 5.6452967e-7
-0.258, 9.2790447e-7, 5.6736604e-7
-0.259, 9.7811892e-7, 5.1985603e-7
-0.260, 9.8039470e-7, 5.5892275e-7
-0.261, 9.6134784e-7, 5.7219791e-7
-0.262, 9.8324756e-7, 6.0214518e-7
-0.263, 9.5298697e-7, 6.4741243e-7
-0.264, 1.0146131e-6, 6.1993876e-7
-0.265, 9.6820804e-7, 5.7552904e-7
-0.266, 9.7399629e-7, 6.0804888e-7
-0.267, 1.0208631e-6, 5.8108640e-7
-0.268, 9.7414477e-7, 5.7101056e-7
-0.269, 1.0200386e-6, 6.1490903e-7
-0.270, 9.4287816e-7, 6.1385367e-7
-0.271, 1.0020142e-6, 6.7871196e-7
-0.272, 1.0237325e-6, 6.1091828e-7
-0.273, 1.0092041e-6, 5.5968133e-7
-0.274, 1.0370406e-6, 5.8900196e-7
-0.275, 9.8961300e-7, 5.2859616e-7
-0.276, 1.0419054e-6, 6.3641306e-7
-0.277, 9.9726481e-7, 6.0282127e-7
-0.278, 1.0121065e-6, 6.3290054e-7
-0.279, 1.0370077e-6, 6.8451675e-7
-0.280, 9.8873909e-7, 5.6391951e-7
-0.281, 1.0560051e-6, 6.1203968e-7
-0.282, 9.9624231e-7, 5.1494180e-7
-0.283, 1.0301803e-6, 6.0679560e-7
-0.284, 1.0367768e-6, 6.3189452e-7
-0.285, 9.9040460e-7, 6.1090179e-7
-0.286, 1.0514535e-6, 6.9709921e-7
-0.287, 9.7896009e-7, 6.3545656e-7
-0.288, 1.0593691e-6, 5.9638984e-7
-0.289, 1.0201705e-6, 6.0649870e-7
-0.290, 1.0508269e-6, 5.4589503e-7
-0.291, 1.0563019e-6, 6.4281147e-7
-0.292, 9.9973840e-7, 6.1078634e-7
-0.293, 1.0638547e-6, 6.3169671e-7
-0.294, 9.9409863e-7, 6.6682207e-7
-0.295, 1.0449562e-6, 6.3413734e-7
-0.296, 1.0383599e-6, 6.1723426e-7
-0.297, 1.0108367e-6, 5.2562785e-7
-0.298, 1.0682082e-6, 5.7693074e-7
-0.299, 9.9803992e-7, 6.0480022e-7
-0.300, 1.0505466e-6, 6.0613593e-7
-0.301, 1.0067635e-6, 6.3417031e-7
-0.302, 1.0441481e-6, 6.4759377e-7
-0.303, 1.0601772e-6, 6.3311489e-7
-0.304, 1.0054607e-6, 6.0775204e-7
-0.305, 1.0536303e-6, 5.4159096e-7
-0.306, 9.9414797e-7, 5.9597761e-7
-0.307, 1.0442307e-6, 6.2518279e-7
-0.308, 1.0121560e-6, 6.4597771e-7
-0.309, 1.0161302e-6, 6.5099096e-7
-0.310, 1.0428784e-6, 6.6852067e-7
-0.311, 1.0061203e-6, 6.1227053e-7
-0.312, 1.0562690e-6, 6.1502448e-7
-0.313, 1.0167570e-6, 5.3875453e-7
-0.314, 1.0438843e-6, 6.3184513e-7
-0.315, 1.0407675e-6, 6.5659776e-7
-0.316, 1.0122219e-6, 6.5851077e-7
-0.317, 1.0325222e-6, 6.3911756e-7
-0.318, 1.0011071e-6, 5.9749476e-7
-0.319, 1.0517668e-6, 6.1763001e-7
-0.320, 1.0140360e-6, 5.7102704e-7
-0.321, 1.0280366e-6, 5.8568736e-7
-0.322, 1.0404046e-6, 6.5249156e-7
-0.323, 9.7886107e-7, 6.4785769e-7
-0.324, 1.0472648e-6, 6.7417699e-7
-0.325, 9.9505496e-7, 6.3664390e-7
-0.326, 1.0348143e-6, 6.2838205e-7
-0.327, 1.0418064e-6, 6.4513665e-7
-0.328, 1.0080169e-6, 5.3829280e-7
-0.329, 1.0613151e-6, 6.3049288e-7
-0.330, 9.9009128e-7, 6.2539721e-7
-0.331, 1.0491614e-6, 6.6891641e-7
-0.332, 1.0159654e-6, 6.6555231e-7
-0.333, 1.0077199e-6, 6.2559508e-7
-0.334, 1.0565986e-6, 6.6210566e-7
-0.335, 1.0079838e-6, 5.4958900e-7
-0.336, 1.0506126e-6, 5.7244517e-7
-0.337, 9.9065187e-7, 6.3479695e-7
-0.338, 1.0218361e-6, 6.4528513e-7
-0.339, 1.0331817e-6, 7.2551290e-7
-0.340, 1.0282181e-6, 5.9256399e-7
-0.341, 1.0638876e-6, 6.7727723e-7
-0.342, 1.0039271e-6, 5.9838527e-7
-0.343, 1.0566152e-6, 5.7074669e-7
-0.344, 1.0250022e-6, 6.3580291e-7
-0.345, 1.0349133e-6, 6.3959578e-7
-0.346, 1.0575386e-6, 7.0513022e-7
-0.347, 1.0248868e-6, 6.4028836e-7
-0.348, 1.0548177e-6, 6.2508389e-7
-0.349, 1.0217371e-6, 6.3222438e-7
-0.350, 1.0539108e-6, 5.8699015e-7
-0.351, 1.0482379e-6, 6.1802581e-7
-0.352, 1.0323078e-6, 6.3029495e-7
-0.353, 1.0658006e-6, 6.6449684e-7
-0.354, 1.0153882e-6, 7.1114937e-7
-0.355, 1.0774760e-6, 6.7907479e-7
-0.356, 1.0404872e-6, 6.1998821e-7
-0.357, 1.0799661e-6, 6.1725075e-7
-0.358, 1.0793890e-6, 6.1382065e-7
-0.359, 1.0344351e-6, 6.5433858e-7
-0.360, 1.0825718e-6, 6.4533458e-7
-0.361, 1.0233367e-6, 6.9220141e-7
-0.362, 1.0847154e-6, 7.1182546e-7
-0.363, 1.0713250e-6, 6.4967168e-7
-0.364, 1.0509918e-6, 6.5080951e-7
-0.365, 1.1149926e-6, 6.1106670e-7
-0.366, 1.0583798e-6, 6.4050278e-7
-0.367, 1.0956984e-6, 6.7961895e-7
-0.368, 1.0554938e-6, 6.9046985e-7
-0.369, 1.0989471e-6, 7.2503462e-7
-0.370, 1.1078687e-6, 7.1812497e-7
-0.371, 1.0792901e-6, 6.5605360e-7
-0.372, 1.1118264e-6, 6.2130749e-7
-0.373, 1.0563514e-6, 6.0204621e-7
-0.374, 1.1109029e-6, 6.8199358e-7
-0.375, 1.0810217e-6, 6.9662099e-7
-0.376, 1.1041417e-6, 6.8421986e-7
-0.377, 1.1197419e-6, 7.3671015e-7
-0.378, 1.0854576e-6, 6.7214859e-7
-0.379, 1.1467869e-6, 6.5616905e-7
-0.380, 1.0977103e-6, 6.1975732e-7
-0.381, 1.1436371e-6, 7.0447061e-7
-0.382, 1.1227762e-6, 7.3750164e-7
-0.383, 1.1184392e-6, 7.1571731e-7
-0.384, 1.1452862e-6, 7.3135061e-7
-0.385, 1.1151741e-6, 7.0234330e-7
-0.386, 1.1798510e-6, 7.0206295e-7
-0.387, 1.1254973e-6, 6.5267295e-7
-0.388, 1.1542243e-6, 6.9053584e-7
-0.389, 1.1715561e-6, 7.4853403e-7
-0.390, 1.1135744e-6, 7.3802937e-7
-0.391, 1.1809558e-6, 7.6987305e-7
-0.392, 1.1337756e-6, 7.3799640e-7
-0.393, 1.1849961e-6, 7.1507418e-7
-0.394, 1.1830173e-6, 7.0964870e-7
-0.395, 1.1727764e-6, 6.4822046e-7
-0.396, 1.2029381e-6, 7.4157492e-7
-0.397, 1.1504643e-6, 7.2049966e-7
-0.398, 1.2191485e-6, 7.6764684e-7
-0.399, 1.1758436e-6, 7.5824710e-7
-0.400, 1.1804776e-6, 7.3402214e-7
-0.401, 1.2182745e-6, 7.7183552e-7
-0.402, 1.1741781e-6, 6.6504106e-7
-0.403, 1.2210614e-6, 7.5938499e-7
-0.404, 1.1612988e-6, 7.3811185e-7
-0.405, 1.2176479e-6, 7.8133417e-7
-0.406, 1.2173181e-6, 7.8309881e-7
-0.407, 1.2017672e-6, 7.1266652e-7
-0.408, 1.2402402e-6, 7.8100442e-7
-0.409, 1.1838252e-6, 6.9774234e-7
-0.410, 1.2375028e-6, 7.1479383e-7
-0.411, 1.2130964e-6, 7.5651553e-7
-0.412, 1.2243761e-6, 7.6537117e-7
-0.413, 1.2402568e-6, 8.5842873e-7
-0.414, 1.1979084e-6, 7.1725094e-7
-0.415, 1.2612825e-6, 7.4843507e-7
-0.416, 1.2034988e-6, 7.1685520e-7
-0.417, 1.2428789e-6, 7.1594820e-7
-0.418, 1.2423181e-6, 7.7252815e-7
-0.419, 1.2073247e-6, 7.4442784e-7
-0.420, 1.2707153e-6, 8.0984682e-7
-0.421, 1.1922685e-6, 7.8097145e-7
-0.422, 1.2503326e-6, 7.5539418e-7
-0.423, 1.2096828e-6, 7.6718516e-7
-0.424, 1.2543235e-6, 6.9452659e-7
-0.425, 1.2678954e-6, 7.9187191e-7
-0.426, 1.1971993e-6, 7.5740604e-7
-0.427, 1.2540926e-6, 7.6453011e-7
-0.428, 1.1826544e-6, 7.9782501e-7
-0.429, 1.2476942e-6, 7.6332628e-7
-0.430, 1.2247060e-6, 7.6921344e-7
-0.431, 1.2127500e-6, 6.9197057e-7
-0.432, 1.2648115e-6, 7.7150571e-7
-0.433, 1.1911636e-6, 7.5064480e-7
-0.434, 1.2391848e-6, 7.9706649e-7
-0.435, 1.2066980e-6, 8.0423996e-7
-0.436, 1.2352270e-6, 7.8187844e-7
-0.437, 1.2426478e-6, 7.8633093e-7
-0.438, 1.2051809e-6, 7.0715862e-7
-0.439, 1.2471829e-6, 7.1998846e-7
-0.440, 1.1813021e-6, 7.5318439e-7
-0.441, 1.2146301e-6, 7.5600428e-7
-0.442, 1.1954678e-6, 8.0771952e-7
-0.443, 1.1968365e-6, 7.2646935e-7
-0.444, 1.2169388e-6, 7.7445759e-7
-0.445, 1.1700390e-6, 7.4408155e-7
-0.446, 1.2172521e-6, 6.8110313e-7
-0.447, 1.1851940e-6, 7.3720480e-7
-0.448, 1.1979579e-6, 7.3646271e-7
-0.449, 1.1880634e-6, 7.7694767e-7
-0.450, 1.1699400e-6, 7.5110654e-7
-0.451, 1.1889869e-6, 7.0428916e-7
-0.452, 1.1443792e-6, 7.2867908e-7
-0.453, 1.1771630e-6, 6.7307212e-7
-0.454, 1.1493594e-6, 7.1708604e-7
-0.455, 1.1569782e-6, 7.2092837e-7
-0.456, 1.1661307e-6, 7.5986321e-7
-0.457, 1.1108204e-6, 7.6339222e-7
-0.458, 1.1619090e-6, 7.3793041e-7
-0.459, 1.1138713e-6, 6.9622519e-7
-0.460, 1.1515198e-6, 6.5041377e-7
-0.461, 1.1462757e-6, 6.6700352e-7
-0.462, 1.1234030e-6, 6.8039401e-7
-0.463, 1.1439835e-6, 7.0308533e-7
-0.464, 1.0910314e-6, 7.1505769e-7
-0.465, 1.1347322e-6, 7.2294029e-7
-0.466, 1.0918395e-6, 6.7513349e-7
-0.467, 1.0953851e-6, 6.4861626e-7
-0.468, 1.1145804e-6, 6.4808853e-7
-0.469, 1.0662789e-6, 6.5504764e-7
-0.470, 1.0973970e-6, 6.9055238e-7
-0.471, 1.0331158e-6, 6.8910117e-7
-0.472, 1.0786798e-6, 7.2345148e-7
-0.473, 1.0657016e-6, 6.8290058e-7
-0.474, 1.0529212e-6, 6.4469140e-7
-0.475, 1.0784325e-6, 6.3670984e-7
-0.476, 1.0212095e-6, 6.4319079e-7
-0.477, 1.0547848e-6, 6.7869553e-7
-0.478, 1.0047186e-6, 6.6418352e-7
-0.479, 1.0447088e-6, 6.8588542e-7
-0.480, 1.0431422e-6, 6.9863285e-7
-0.481, 1.0107378e-6, 6.0475071e-7
-0.482, 1.0462095e-6, 6.2425931e-7
-0.483, 9.7917439e-7, 5.7544656e-7
-0.484, 1.0148934e-6, 6.5315123e-7
-0.485, 9.9108081e-7, 6.3026198e-7
-0.486, 9.7675024e-7, 6.3050936e-7
-0.487, 1.0063347e-6, 6.6123170e-7
-0.488, 9.4263078e-7, 6.0425600e-7
-0.489, 9.9215265e-7, 6.2409447e-7
-0.490, 9.2773962e-7, 5.5206260e-7
-0.491, 9.8565522e-7, 6.1123160e-7
-0.492, 9.7755822e-7, 6.2041698e-7
-0.493, 9.1395327e-7, 6.2879428e-7
-0.494, 9.7086308e-7, 6.4662089e-7
-0.495, 8.9464254e-7, 5.9591162e-7
-0.496, 9.5461962e-7, 6.0857656e-7
-0.497, 9.2036822e-7, 5.2810145e-7
-0.498, 8.9380148e-7, 5.2666678e-7
-0.499, 9.3671053e-7, 6.1804229e-7
-0.500, 8.6898285e-7, 5.8225726e-7
