Dec. 9, 2005   02:07:32
Square Wave Voltammetry
File: d:\ida_biofilms\11_28_18_blankidapyo\25um_transfer\25um_pyo_transfer_swv4_19.txt
Data Source:  Experiment
Instrument Model:  CHI760B
Header: 
Note: 

Init E (V) = 0.1
Final E (V) = -0.5
Incr E (V) = 0.001
Amplitude (V) = 0.025
Frequency (Hz) = 300
Quiet Time (sec) = 2
Sensitivity (A/V) = 1e-6
Sens 2 (A/V) = 1e-6

Potential/V, i1/A, i2/A

0.099, 7.0819755e-7, 3.9086501e-7
0.098, 6.6215523e-7, 4.9556513e-7
0.097, 6.5808194e-7, 4.7374778e-7
0.096, 6.8822715e-7, 4.9220102e-7
0.095, 6.3867230e-7, 4.5992849e-7
0.094, 6.7190126e-7, 3.9704906e-7
0.093, 6.4925939e-7, 4.5615207e-7
0.092, 6.6568418e-7, 4.6721743e-7
0.091, 6.6370535e-7, 5.0414036e-7
0.090, 6.1952647e-7, 4.5338163e-7
0.089, 6.6068753e-7, 4.2305504e-7
0.088, 6.1009371e-7, 4.4444360e-7
0.087, 6.4759382e-7, 3.7622118e-7
0.086, 6.2602385e-7, 4.4248122e-7
0.085, 5.9272895e-7, 4.0860908e-7
0.084, 6.3082268e-7, 4.7244498e-7
0.083, 5.5958242e-7, 4.4058476e-7
0.082, 6.2760694e-7, 4.1030765e-7
0.081, 5.6433174e-7, 3.8341116e-7
0.080, 6.0194725e-7, 3.4932464e-7
0.079, 6.1001128e-7, 4.5272202e-7
0.078, 5.5630073e-7, 3.9802200e-7
0.077, 6.0722437e-7, 4.2747459e-7
0.076, 5.3657772e-7, 4.3665995e-7
0.075, 5.8229023e-7, 4.1109922e-7
0.074, 5.5860949e-7, 4.0283732e-7
0.073, 5.6334233e-7, 3.0499740e-7
0.072, 5.9244854e-7, 4.2452274e-7
0.071, 5.0616870e-7, 3.8979312e-7
0.070, 5.7140630e-7, 4.2561112e-7
0.069, 5.1560141e-7, 3.9876409e-7
0.068, 5.6772888e-7, 3.6652457e-7
0.067, 5.5748808e-7, 3.8016248e-7
0.066, 5.2701307e-7, 2.9625727e-7
0.065, 5.5694386e-7, 3.8621459e-7
0.064, 4.9925904e-7, 3.7152128e-7
0.063, 5.4399857e-7, 4.0181487e-7
0.062, 5.0440417e-7, 4.0075949e-7
0.061, 5.2191740e-7, 3.4335500e-7
0.060, 5.3568721e-7, 3.8156418e-7
0.059, 4.7787046e-7, 2.9582850e-7
0.058, 5.2777165e-7, 3.6258328e-7
0.057, 4.6329262e-7, 3.6355624e-7
0.056, 5.1880062e-7, 3.8177856e-7
0.055, 5.0075971e-7, 3.8745139e-7
0.054, 4.9721416e-7, 3.3509309e-7
0.053, 5.1111590e-7, 3.2252711e-7
0.052, 4.5978007e-7, 2.8392213e-7
0.051, 5.2188443e-7, 3.6688738e-7
0.050, 4.6556835e-7, 3.4106279e-7
0.049, 4.7816729e-7, 3.7386297e-7
0.048, 4.9479002e-7, 3.8078912e-7
0.047, 4.5623455e-7, 3.1433120e-7
0.046, 5.0318386e-7, 3.2483581e-7
0.045, 4.3697327e-7, 2.6579875e-7
0.044, 4.8245494e-7, 3.4488863e-7
0.043, 4.6833878e-7, 3.5151794e-7
0.042, 4.6497468e-7, 3.2796908e-7
0.041, 4.8273523e-7, 3.5697639e-7
0.040, 4.2414345e-7, 3.0450269e-7
0.039, 4.8918321e-7, 3.1626064e-7
0.038, 4.4041985e-7, 2.4663643e-7
0.037, 4.7373129e-7, 3.1746444e-7
0.036, 4.6439749e-7, 3.6006020e-7
0.035, 4.3611576e-7, 3.2163661e-7
0.034, 4.6701953e-7, 3.4901132e-7
0.033, 4.1065397e-7, 2.8454878e-7
0.032, 4.6418310e-7, 3.1324279e-7
0.031, 4.3642910e-7, 2.4609224e-7
0.030, 4.3031099e-7, 2.8115170e-7
0.029, 4.5658084e-7, 3.4299222e-7
0.028, 3.9642239e-7, 3.3685762e-7
0.027, 4.5870814e-7, 3.2364849e-7
0.026, 4.0293628e-7, 2.8532389e-7
0.025, 4.5590474e-7, 2.9195314e-7
0.024, 4.4952282e-7, 2.6045575e-7
0.023, 4.0846069e-7, 2.9604288e-7
0.022, 4.5293638e-7, 2.9190369e-7
0.021, 3.8952925e-7, 3.1451259e-7
0.020, 4.4622465e-7, 3.6561758e-7
0.019, 4.1330898e-7, 2.8181131e-7
0.018, 4.1121467e-7, 2.8192676e-7
0.017, 4.3692381e-7, 2.4874726e-7
0.016, 3.8298239e-7, 2.5907053e-7
0.015, 4.3814413e-7, 2.8883639e-7
0.014, 3.8928187e-7, 3.0446969e-7
0.013, 4.2820017e-7, 3.2900800e-7
0.012, 4.3870483e-7, 2.9472363e-7
0.011, 4.0394221e-7, 2.7948613e-7
0.010, 4.2917316e-7, 2.2597347e-7
0.009, 3.7442368e-7, 2.5438712e-7
0.008, 4.2721072e-7, 3.0077575e-7
0.007, 3.9460841e-7, 3.0722367e-7
0.006, 4.0201280e-7, 3.1588132e-7
0.005, 4.1650819e-7, 3.2739189e-7
0.004, 3.8591776e-7, 2.7432452e-7
0.003, 4.1428194e-7, 2.3082177e-7
0.002, 3.8418625e-7, 2.4798868e-7
0.001, 4.1734921e-7, 2.8578560e-7
-0.000, 3.9775816e-7, 3.0605281e-7
-0.001, 4.0026475e-7, 3.2819995e-7
-0.002, 4.1682154e-7, 2.9675198e-7
-0.003, 3.7569347e-7, 2.6842079e-7
-0.004, 4.1565067e-7, 2.3252031e-7
-0.005, 3.8171260e-7, 2.3078879e-7
-0.006, 4.0440395e-7, 2.7958507e-7
-0.007, 4.0006688e-7, 3.2236221e-7
-0.008, 3.5953246e-7, 3.2229624e-7
-0.009, 4.2157089e-7, 2.8360881e-7
-0.010, 3.6937746e-7, 2.5818002e-7
-0.011, 4.0354644e-7, 2.6208832e-7
-0.012, 3.9685119e-7, 2.6917937e-7
-0.013, 3.8898503e-7, 2.7448942e-7
-0.014, 3.9711500e-7, 2.6909692e-7
-0.015, 3.5348035e-7, 3.2874414e-7
-0.016, 4.1723379e-7, 2.8552176e-7
-0.017, 3.8278449e-7, 2.6193990e-7
-0.018, 3.9063411e-7, 2.6690364e-7
-0.019, 4.1091783e-7, 2.5395838e-7
-0.020, 3.7059780e-7, 2.7666619e-7
-0.021, 4.0949959e-7, 2.7330208e-7
-0.022, 3.5120462e-7, 2.8146502e-7
-0.023, 4.0367837e-7, 3.1035691e-7
-0.024, 4.0303519e-7, 2.7623744e-7
-0.025, 3.9658732e-7, 2.4826903e-7
-0.026, 4.1955900e-7, 2.5315032e-7
-0.027, 3.5422244e-7, 2.8606595e-7
-0.028, 4.0720738e-7, 2.7455536e-7
-0.029, 3.8144876e-7, 3.0984569e-7
-0.030, 4.0740528e-7, 2.7910684e-7
-0.031, 4.0414011e-7, 2.9808774e-7
-0.032, 3.8001406e-7, 2.4820307e-7
-0.033, 4.1942707e-7, 2.2859552e-7
-0.034, 3.7038342e-7, 2.6235216e-7
-0.035, 4.0425550e-7, 2.8054154e-7
-0.036, 3.9000747e-7, 3.1129687e-7
-0.037, 3.8443360e-7, 2.7833175e-7
-0.038, 4.1936113e-7, 2.9582850e-7
-0.039, 3.6665648e-7, 2.5940034e-7
-0.040, 4.2053196e-7, 2.2717730e-7
-0.041, 3.6823963e-7, 2.7815037e-7
-0.042, 4.1606296e-7, 2.7127368e-7
-0.043, 4.1449630e-7, 3.4404758e-7
-0.044, 3.8077263e-7, 2.8616489e-7
-0.045, 4.3261974e-7, 2.5282048e-7
-0.046, 3.7140586e-7, 2.6952569e-7
-0.047, 4.2277469e-7, 2.4967076e-7
-0.048, 3.9526805e-7, 2.8680805e-7
-0.049, 3.8616514e-7, 2.6124729e-7
-0.050, 4.3576944e-7, 3.0968079e-7
-0.051, 3.7485245e-7, 2.7791950e-7
-0.052, 4.4132685e-7, 2.6119784e-7
-0.053, 3.8446655e-7, 2.6479279e-7
-0.054, 4.2562760e-7, 2.3458165e-7
-0.055, 4.3016257e-7, 3.0986217e-7
-0.056, 3.7768888e-7, 2.7483571e-7
-0.057, 4.4373451e-7, 3.2129032e-7
-0.058, 3.8440061e-7, 2.9579553e-7
-0.059, 4.3743501e-7, 2.7681460e-7
-0.060, 4.0456882e-7, 2.8248746e-7
-0.061, 4.2345084e-7, 2.0814690e-7
-0.062, 4.2970086e-7, 3.2519864e-7
-0.063, 3.8167963e-7, 2.8321304e-7
-0.064, 4.3393896e-7, 3.1688728e-7
-0.065, 3.9277793e-7, 2.9497099e-7
-0.066, 4.4398189e-7, 2.7076248e-7
-0.067, 4.3123447e-7, 3.0829557e-7
-0.068, 4.2684792e-7, 2.3293258e-7
-0.069, 4.4864879e-7, 3.0249078e-7
-0.070, 3.9693361e-7, 3.0277113e-7
-0.071, 4.5099046e-7, 3.4638930e-7
-0.072, 4.1762956e-7, 3.1053830e-7
-0.073, 4.4290996e-7, 2.8097031e-7
-0.074, 4.5801556e-7, 3.2204889e-7
-0.075, 4.0529443e-7, 2.3662653e-7
-0.076, 4.6294630e-7, 3.1721709e-7
-0.077, 3.9539998e-7, 2.8545580e-7
-0.078, 4.6100038e-7, 3.3133318e-7
-0.079, 4.4441066e-7, 3.4610895e-7
-0.080, 4.5245815e-7, 2.7742479e-7
-0.081, 4.7475368e-7, 3.0954885e-7
-0.082, 4.2763949e-7, 2.5112195e-7
-0.083, 4.8413699e-7, 3.2059768e-7
-0.084, 4.3141588e-7, 2.9925860e-7
-0.085, 4.6342450e-7, 3.6573300e-7
-0.086, 4.9107962e-7, 3.6629370e-7
-0.087, 4.4480640e-7, 2.9629024e-7
-0.088, 4.9028807e-7, 3.2440707e-7
-0.089, 4.2599041e-7, 2.4520173e-7
-0.090, 4.8517592e-7, 3.4996782e-7
-0.091, 4.6852017e-7, 3.2480284e-7
-0.092, 4.7661717e-7, 3.2813401e-7
-0.093, 4.9157433e-7, 3.8886964e-7
-0.094, 4.4642252e-7, 3.0545914e-7
-0.095, 5.1596425e-7, 3.3047567e-7
-0.096, 4.7582563e-7, 2.5592078e-7
-0.097, 5.1385337e-7, 3.3809442e-7
-0.098, 5.0534413e-7, 3.6439727e-7
-0.099, 4.7948657e-7, 3.2350010e-7
-0.100, 5.2092793e-7, 3.4915973e-7
-0.101, 4.6368842e-7, 3.1085165e-7
-0.102, 5.1962519e-7, 3.4088140e-7
-0.103, 4.9957237e-7, 2.7589113e-7
-0.104, 5.0954930e-7, 3.2081206e-7
-0.105, 5.3679207e-7, 3.6578248e-7
-0.106, 4.8031109e-7, 3.4472373e-7
-0.107, 5.4426243e-7, 3.6924558e-7
-0.108, 4.9528478e-7, 3.1261612e-7
-0.109, 5.5989574e-7, 3.3830881e-7
-0.110, 5.4335544e-7, 3.0526124e-7
-0.111, 5.1319381e-7, 3.5229300e-7
-0.112, 5.5201315e-7, 3.4251397e-7
-0.113, 5.0262315e-7, 3.7630363e-7
-0.114, 5.6286410e-7, 3.7956877e-7
-0.115, 5.2989895e-7, 3.4678510e-7
-0.116, 5.3834225e-7, 3.4699946e-7
-0.117, 5.8022886e-7, 3.0961482e-7
-0.118, 5.2562785e-7, 3.4437744e-7
-0.119, 5.6194062e-7, 3.6271518e-7
-0.120, 5.3029476e-7, 3.6410046e-7
-0.121, 5.7005406e-7, 4.0501413e-7
-0.122, 5.8281796e-7, 3.7447313e-7
-0.123, 5.4327302e-7, 3.5925214e-7
-0.124, 5.8553894e-7, 3.0379357e-7
-0.125, 5.3606652e-7, 3.5432140e-7
-0.126, 5.8745184e-7, 3.7856287e-7
-0.127, 5.5798279e-7, 3.9305829e-7
-0.128, 5.8293335e-7, 3.8303187e-7
-0.129, 5.8613261e-7, 4.0052862e-7
-0.130, 5.4507052e-7, 3.8001406e-7
-0.131, 6.0994535e-7, 3.2346711e-7
-0.132, 5.6960880e-7, 3.4678510e-7
-0.133, 5.9724738e-7, 3.7826604e-7
-0.134, 5.9345450e-7, 4.2892577e-7
-0.135, 5.8766625e-7, 4.2724372e-7
-0.136, 6.1617885e-7, 3.7740853e-7
-0.137, 5.7947034e-7, 3.6871785e-7
-0.138, 6.1916364e-7, 3.4798893e-7
-0.139, 5.8733644e-7, 3.4238204e-7
-0.140, 6.0743872e-7, 3.8318029e-7
-0.141, 6.1596450e-7, 4.3449967e-7
-0.142, 5.8565433e-7, 4.4193700e-7
-0.143, 6.4441110e-7, 4.1197325e-7
-0.144, 5.8944721e-7, 3.7384649e-7
-0.145, 6.2892622e-7, 3.4505356e-7
-0.146, 6.2635365e-7, 3.6847047e-7
-0.147, 6.1721778e-7, 3.8853977e-7
-0.148, 6.4614267e-7, 4.1573315e-7
-0.149, 5.9775857e-7, 4.3832551e-7
-0.150, 6.5334905e-7, 3.9899496e-7
-0.151, 6.1800932e-7, 3.9391580e-7
-0.152, 6.3088862e-7, 3.8565389e-7
-0.153, 6.5296979e-7, 3.8408729e-7
-0.154, 6.1542028e-7, 3.9427863e-7
-0.155, 6.5245854e-7, 4.0827928e-7
-0.156, 5.9833576e-7, 4.2993173e-7
-0.157, 6.5250811e-7, 4.4002408e-7
-0.158, 6.5933523e-7, 4.0351347e-7
-0.159, 6.4436165e-7, 3.7480299e-7
-0.160, 6.6899889e-7, 3.8451603e-7
-0.161, 6.1906474e-7, 4.2569360e-7
-0.162, 6.7026872e-7, 4.1288024e-7
-0.163, 6.3639652e-7, 4.4386644e-7
-0.164, 6.7307212e-7, 4.2843106e-7
-0.165, 6.8847453e-7, 4.4258016e-7
-0.166, 6.4650544e-7, 3.6439727e-7
-0.167, 6.9627470e-7, 3.6073629e-7
-0.168, 6.4535107e-7, 4.1652470e-7
-0.169, 6.7056544e-7, 4.4154120e-7
-0.170, 6.7707936e-7, 4.5156764e-7
-0.171, 6.5419010e-7, 4.2810123e-7
-0.172, 7.0283807e-7, 4.4808809e-7
-0.173, 6.5865913e-7, 4.1870149e-7
-0.174, 6.9866581e-7, 3.6025807e-7
-0.175, 6.5658128e-7, 4.2191718e-7
-0.176, 6.9645603e-7, 4.3207552e-7
-0.177, 7.1438154e-7, 4.7112576e-7
-0.178, 6.6133066e-7, 4.4904453e-7
-0.179, 7.1965860e-7, 4.0768560e-7
-0.180, 6.4911097e-7, 4.2138947e-7
-0.181, 7.1987301e-7, 3.9752729e-7
-0.182, 6.8854047e-7, 4.3555508e-7
-0.183, 6.9340524e-7, 4.2204908e-7
-0.184, 7.3344495e-7, 4.7678208e-7
-0.185, 6.7773897e-7, 4.8799581e-7
-0.186, 7.3090536e-7, 4.4958875e-7
-0.187, 6.9221795e-7, 4.2523183e-7
-0.188, 7.2641990e-7, 3.9566382e-7
-0.189, 7.4658806e-7, 4.3512631e-7
-0.190, 7.0311836e-7, 4.4962172e-7
-0.191, 7.4000832e-7, 4.3474702e-7
-0.192, 6.8628128e-7, 4.9883027e-7
-0.193, 7.4358678e-7, 4.8707233e-7
-0.194, 7.1876809e-7, 4.5174903e-7
-0.195, 7.3580316e-7, 4.1063745e-7
-0.196, 7.4813818e-7, 4.2803526e-7
-0.197, 6.9820408e-7, 4.6484274e-7
-0.198, 7.5987964e-7, 4.5379392e-7
-0.199, 7.2684861e-7, 5.1090154e-7
-0.200, 7.5724120e-7, 4.8212507e-7
-0.201, 7.6128140e-7, 4.9450966e-7
-0.202, 7.5493244e-7, 4.5217780e-7
-0.203, 7.7632103e-7, 4.0684461e-7
-0.204, 7.4553270e-7, 4.7618840e-7
-0.205, 7.8207631e-7, 4.7869503e-7
-0.206, 7.6052282e-7, 5.2902493e-7
-0.207, 7.7048333e-7, 5.0145235e-7
-0.208, 7.9828681e-7, 5.0288702e-7
-0.209, 7.4157492e-7, 4.7582563e-7
-0.210, 8.1446422e-7, 4.0822982e-7
-0.211, 7.6345816e-7, 4.6627744e-7
-0.212, 8.0496551e-7, 4.9310796e-7
-0.213, 8.1171027e-7, 5.4040362e-7
-0.214, 8.0148595e-7, 5.0491536e-7
-0.215, 8.2726109e-7, 4.7257691e-7
-0.216, 7.7825041e-7, 4.8943053e-7
-0.217, 8.6032520e-7, 4.4023844e-7
-0.218, 8.0189830e-7, 4.8426892e-7
-0.219, 7.9942458e-7, 5.0722406e-7
-0.220, 8.4088254e-7, 5.7224736e-7
-0.221, 8.0880790e-7, 5.3662723e-7
-0.222, 8.5549340e-7, 5.0301895e-7
-0.223, 7.9917726e-7, 4.9424585e-7
-0.224, 8.5237662e-7, 4.6837181e-7
-0.225, 8.5399267e-7, 4.6982296e-7
-0.226, 8.4292742e-7, 5.1057174e-7
-0.227, 8.7975138e-7, 5.7994856e-7
-0.228, 8.3765030e-7, 5.8184497e-7
-0.229, 8.8524280e-7, 5.2056521e-7
-0.230, 8.6200725e-7, 5.2082902e-7
-0.231, 8.9259765e-7, 4.9010663e-7
-0.232, 9.1225468e-7, 4.9582900e-7
-0.233, 8.6027569e-7, 5.0110600e-7
-0.234, 9.0466898e-7, 5.5648218e-7
-0.235, 8.6535488e-7, 5.9027178e-7
-0.236, 9.1014391e-7, 5.9454288e-7
-0.237, 9.2150606e-7, 5.3591810e-7
-0.238, 8.9228439e-7, 4.7143908e-7
-0.239, 9.4822116e-7, 5.0882369e-7
-0.240, 8.8144992e-7, 5.5783437e-7
-0.241, 9.4147640e-7, 5.6067080e-7
-0.242, 9.1073753e-7, 6.0748823e-7
-0.243, 9.4050347e-7, 5.4800586e-7
-0.244, 9.6964266e-7, 5.7737600e-7
-0.245, 9.1350802e-7, 5.2293984e-7
-0.246, 9.7498571e-7, 4.8868844e-7
-0.247, 9.1143022e-7, 5.9065110e-7
-0.248, 9.7129180e-7, 5.9441095e-7
-0.249, 9.5755490e-7, 6.1677247e-7
-0.250, 9.4282865e-7, 5.9172299e-7
-0.251, 1.0031190e-6, 5.8464843e-7
-0.252, 9.3257137e-7, 5.6893271e-7
-0.253, 9.9667113e-7, 5.2035080e-7
-0.254, 9.6586632e-7, 5.8730348e-7
-0.255, 9.7262750e-7, 5.8446699e-7
-0.256, 1.0145966e-6, 6.4317430e-7
-0.257, 9.6421718e-7, 6.0339846e-7
-0.258, 1.0260412e-6, 5.8421972e-7
-0.259, 9.6514077e-7, 5.5697683e-7
-0.260, 1.0264700e-6, 5.3385679e-7
-0.261, 1.0009422e-6, 6.2031802e-7
-0.262, 1.0080993e-6, 5.6418332e-7
-0.263, 1.0307906e-6, 6.5649886e-7
-0.264, 9.6352460e-7, 6.3486294e-7
-0.265, 1.0348638e-6, 5.9629093e-7
-0.266, 1.0069944e-6, 6.0625138e-7
-0.267, 1.0298836e-6, 5.2970108e-7
-0.268, 1.0357544e-6, 6.4467491e-7
-0.269, 1.0068460e-6, 5.8258706e-7
-0.270, 1.0378817e-6, 6.3740254e-7
-0.271, 9.9861700e-7, 6.4414724e-7
-0.272, 1.0684391e-6, 6.0649870e-7
-0.273, 1.0263216e-6, 6.1391961e-7
-0.274, 1.0444779e-6, 5.3135017e-7
-0.275, 1.0715064e-6, 6.5204631e-7
-0.276, 9.9591261e-7, 6.2242884e-7
-0.277, 1.0624694e-6, 6.5521260e-7
-0.278, 1.0143988e-6, 6.6550285e-7
-0.279, 1.0607873e-6, 6.1037406e-7
-0.280, 1.0707313e-6, 6.5519612e-7
-0.281, 1.0419053e-6, 5.2013638e-7
-0.282, 1.0750684e-6, 6.0602054e-7
-0.283, 1.0173671e-6, 6.2724416e-7
-0.284, 1.0801641e-6, 6.5577325e-7
-0.285, 1.0450717e-6, 6.6362287e-7
-0.286, 1.0423671e-6, 6.1072035e-7
-0.287, 1.0848146e-6, 6.6151205e-7
-0.288, 1.0372386e-6, 5.1235270e-7
-0.289, 1.0842867e-6, 6.1213859e-7
-0.290, 1.0155366e-6, 6.2524879e-7
-0.291, 1.0416086e-6, 6.8309851e-7
-0.292, 1.0701541e-6, 7.1011050e-7
-0.293, 1.0376838e-6, 6.2511685e-7
-0.294, 1.0878323e-6, 6.5799952e-7
-0.295, 1.0206817e-6, 5.7000460e-7
-0.296, 1.0846165e-6, 6.1200666e-7
-0.297, 1.0538612e-6, 6.3545656e-7
-0.298, 1.0685711e-6, 6.4426263e-7
-0.299, 1.0798673e-6, 7.2681564e-7
-0.300, 1.0336435e-6, 6.1355678e-7
-0.301, 1.0863481e-6, 6.1759704e-7
-0.302, 1.0239139e-6, 5.6055535e-7
-0.303, 1.0667241e-6, 5.8001450e-7
-0.304, 1.0598144e-6, 6.4093155e-7
-0.305, 1.0367273e-6, 6.1350732e-7
-0.306, 1.0761238e-6, 7.0092506e-7
-0.307, 1.0120571e-6, 6.4601068e-7
-0.308, 1.0839899e-6, 6.3281806e-7
-0.309, 1.0411138e-6, 5.8072362e-7
-0.310, 1.0533336e-6, 5.5798279e-7
-0.311, 1.0908501e-6, 6.6990583e-7
-0.312, 9.9390070e-7, 6.2285761e-7
-0.313, 1.0819285e-6, 6.7731025e-7
-0.314, 1.0063512e-6, 6.4770927e-7
-0.315, 1.0615295e-6, 6.3957930e-7
-0.316, 1.0524759e-6, 6.3680886e-7
-0.317, 1.0188512e-6, 5.3037718e-7
-0.318, 1.0848969e-6, 6.5104041e-7
-0.319, 1.0043889e-6, 6.3327980e-7
-0.320, 1.0672188e-6, 6.5618553e-7
-0.321, 1.0209126e-6, 6.6162750e-7
-0.322, 1.0491283e-6, 6.3400540e-7
-0.323, 1.0661469e-6, 6.5491571e-7
-0.324, 1.0210115e-6, 5.4675252e-7
-0.325, 1.0676640e-6, 6.3773234e-7
-0.326, 1.0013545e-6, 6.2416041e-7
-0.327, 1.0584952e-6, 6.6736629e-7
-0.328, 1.0197747e-6, 6.6876800e-7
-0.329, 1.0322748e-6, 5.8476382e-7
-0.330, 1.0501178e-6, 6.4655489e-7
-0.331, 9.8925034e-7, 5.6695376e-7
-0.332, 1.0552629e-6, 6.2556211e-7
-0.333, 1.0047186e-6, 6.4230028e-7
-0.334, 1.0454510e-6, 6.5639995e-7
-0.335, 1.0501838e-6, 7.3138358e-7
-0.336, 1.0290755e-6, 5.9957262e-7
-0.337, 1.0705664e-6, 6.1682198e-7
-0.338, 1.0172682e-6, 5.6662395e-7
-0.339, 1.0703191e-6, 6.2012015e-7
-0.340, 1.0230565e-6, 6.3478046e-7
-0.341, 1.0390195e-6, 6.5945073e-7
-0.342, 1.0688019e-6, 7.2862963e-7
-0.343, 1.0142339e-6, 6.1413397e-7
-0.344, 1.0666746e-6, 6.3413734e-7
-0.345, 1.0096329e-6, 5.8529156e-7
-0.346, 1.0511073e-6, 5.7439115e-7
-0.347, 1.0551805e-6, 6.7493556e-7
-0.348, 1.0397121e-6, 6.3021253e-7
-0.349, 1.0781357e-6, 7.0925296e-7
-0.350, 1.0205333e-6, 6.1810829e-7
-0.351, 1.0873540e-6, 6.5084248e-7
-0.352, 1.0461600e-6, 5.9945717e-7
-0.353, 1.0490460e-6, 5.8468140e-7
-0.354, 1.0851277e-6, 6.9856685e-7
-0.355, 1.0234686e-6, 6.3862285e-7
-0.356, 1.0886239e-6, 7.1105040e-7
-0.357, 1.0320604e-6, 6.6738278e-7
-0.358, 1.0786305e-6, 6.6725084e-7
-0.359, 1.0810051e-6, 6.3065778e-7
-0.360, 1.0673837e-6, 5.6086867e-7
-0.361, 1.0956160e-6, 7.0301940e-7
-0.362, 1.0451706e-6, 6.6420006e-7
-0.363, 1.1043561e-6, 7.2236310e-7
-0.364, 1.0747057e-6, 6.6584914e-7
-0.365, 1.1014042e-6, 6.6517305e-7
-0.366, 1.1239307e-6, 6.7035114e-7
-0.367, 1.0698409e-6, 5.8202642e-7
-0.368, 1.1143825e-6, 6.8281815e-7
-0.369, 1.0547024e-6, 6.7731025e-7
-0.370, 1.1199398e-6, 7.2956959e-7
-0.371, 1.1076377e-6, 7.1057218e-7
-0.372, 1.0858864e-6, 6.4779169e-7
-0.373, 1.1376510e-6, 6.7015321e-7
-0.374, 1.0767176e-6, 6.1556864e-7
-0.375, 1.1407842e-6, 6.9129442e-7
-0.376, 1.0843858e-6, 6.8316444e-7
-0.377, 1.1374531e-6, 7.2340202e-7
-0.378, 1.1437361e-6, 7.3661118e-7
-0.379, 1.0939009e-6, 6.6756417e-7
-0.380, 1.1721168e-6, 6.5946722e-7
-0.381, 1.1014042e-6, 6.3903508e-7
-0.382, 1.1650422e-6, 7.3519300e-7
-0.383, 1.1344682e-6, 7.1119882e-7
-0.384, 1.1232710e-6, 7.1822393e-7
-0.385, 1.1738978e-6, 7.5367916e-7
-0.386, 1.1214570e-6, 7.0489932e-7
-0.387, 1.1943794e-6, 7.2285786e-7
-0.388, 1.1478918e-6, 6.5430561e-7
-0.389, 1.1798179e-6, 6.9932543e-7
-0.390, 1.1780864e-6, 7.5715872e-7
-0.391, 1.1450059e-6, 7.4622528e-7
-0.392, 1.1899269e-6, 7.6035786e-7
-0.393, 1.1549828e-6, 7.2810190e-7
-0.394, 1.2137890e-6, 7.4238295e-7
-0.395, 1.1871234e-6, 6.6702000e-7
-0.396, 1.2012890e-6, 7.0854378e-7
-0.397, 1.2114967e-6, 7.5966528e-7
-0.398, 1.1574730e-6, 7.7167056e-7
-0.399, 1.2278392e-6, 8.0222810e-7
-0.400, 1.1906690e-6, 7.7673326e-7
-0.401, 1.2313847e-6, 7.4645612e-7
-0.402, 1.2181426e-6, 7.3511052e-7
-0.403, 1.2174335e-6, 7.0433862e-7
-0.404, 1.2367442e-6, 7.6766332e-7
-0.405, 1.2069288e-6, 7.4500497e-7
-0.406, 1.2597984e-6, 8.3717214e-7
-0.407, 1.2246894e-6, 7.8009737e-7
-0.408, 1.2358372e-6, 7.5306900e-7
-0.409, 1.2648445e-6, 7.6352416e-7
-0.410, 1.2331658e-6, 6.8763347e-7
-0.411, 1.2681921e-6, 7.8227424e-7
-0.412, 1.2047356e-6, 7.6418382e-7
-0.413, 1.2604745e-6, 7.9790749e-7
-0.414, 1.2704679e-6, 8.1772941e-7
-0.415, 1.2639705e-6, 7.4272924e-7
-0.416, 1.2828195e-6, 7.9005781e-7
-0.417, 1.2325555e-6, 7.0578989e-7
-0.418, 1.2964739e-6, 7.8819437e-7
-0.419, 1.2473148e-6, 7.6942786e-7
-0.420, 1.2543070e-6, 8.2198403e-7
-0.421, 1.2704350e-6, 8.4195437e-7
-0.422, 1.2386242e-6, 7.4253137e-7
-0.423, 1.2938849e-6, 7.8192784e-7
-0.424, 1.2401742e-6, 7.1065466e-7
-0.425, 1.2929119e-6, 7.9800645e-7
-0.426, 1.2581822e-6, 7.9696747e-7
-0.427, 1.2606395e-6, 7.8440155e-7
-0.428, 1.2956330e-6, 8.6436546e-7
-0.429, 1.2329514e-6, 7.8705654e-7
-0.430, 1.3075721e-6, 7.7882765e-7
-0.431, 1.2571597e-6, 7.3019623e-7
-0.432, 1.2907516e-6, 7.4507102e-7
-0.433, 1.2885419e-6, 8.1843854e-7
-0.434, 1.2436209e-6, 7.7353411e-7
-0.435, 1.2901085e-6, 8.3075713e-7
-0.436, 1.2430933e-6, 7.9033816e-7
-0.437, 1.2865795e-6, 7.9535141e-7
-0.438, 1.2625193e-6, 7.2671673e-7
-0.439, 1.2436869e-6, 6.9851740e-7
-0.440, 1.2820281e-6, 7.9419704e-7
-0.441, 1.2209790e-6, 7.6382105e-7
-0.442, 1.2719521e-6, 8.2552958e-7
-0.443, 1.2250357e-6, 7.6735000e-7
-0.444, 1.2593531e-6, 7.5287113e-7
-0.445, 1.2822424e-6, 7.6284806e-7
-0.446, 1.2037791e-6, 7.0179908e-7
-0.447, 1.2746731e-6, 7.5996218e-7
-0.448, 1.1946103e-6, 7.7016995e-7
-0.449, 1.2597818e-6, 7.9858364e-7
-0.450, 1.2223147e-6, 7.8176299e-7
-0.451, 1.2197752e-6, 7.3209270e-7
-0.452, 1.2487166e-6, 7.6949385e-7
-0.453, 1.1770475e-6, 6.9881423e-7
-0.454, 1.2382613e-6, 7.6512379e-7
-0.455, 1.1819288e-6, 7.4850101e-7
-0.456, 1.2155699e-6, 7.7665084e-7
-0.457, 1.2046202e-6, 7.9279533e-7
-0.458, 1.1800818e-6, 7.2759070e-7
-0.459, 1.2129315e-6, 7.3075694e-7
-0.460, 1.1702037e-6, 6.7341841e-7
-0.461, 1.2183899e-6, 7.4193770e-7
-0.462, 1.1671036e-6, 7.3707292e-7
-0.463, 1.1711768e-6, 7.3400560e-7
-0.464, 1.1788779e-6, 7.9645633e-7
-0.465, 1.1158006e-6, 7.1156165e-7
-0.466, 1.1719353e-6, 7.2218177e-7
-0.467, 1.1259425e-6, 6.5074357e-7
-0.468, 1.1582150e-6, 6.9340524e-7
-0.469, 1.1458799e-6, 7.4361975e-7
-0.470, 1.1254642e-6, 7.1673975e-7
-0.471, 1.1419716e-6, 7.7674986e-7
-0.472, 1.1008930e-6, 7.1809205e-7
-0.473, 1.1564834e-6, 6.9553261e-7
-0.474, 1.0993924e-6, 6.4846785e-7
-0.475, 1.1035150e-6, 6.2879428e-7
-0.476, 1.1144814e-6, 7.4358678e-7
-0.477, 1.0695935e-6, 6.8319747e-7
-0.478, 1.1228423e-6, 7.3880449e-7
-0.479, 1.0436698e-6, 7.0555899e-7
-0.480, 1.1006126e-6, 6.8171329e-7
-0.481, 1.0748540e-6, 6.9173967e-7
-0.482, 1.0644153e-6, 5.9652177e-7
-0.483, 1.0865625e-6, 6.9744550e-7
-0.484, 1.0187853e-6, 6.6929573e-7
-0.485, 1.0773441e-6, 7.2864611e-7
-0.486, 1.0377167e-6, 6.6515645e-7
-0.487, 1.0575717e-6, 6.4023891e-7
-0.488, 1.0486997e-6, 6.9695079e-7
-0.489, 1.0097813e-6, 5.5785085e-7
-0.490, 1.0557577e-6, 6.6695401e-7
-0.491, 9.7320469e-7, 6.2478705e-7
-0.492, 1.0239304e-6, 6.9216844e-7
-0.493, 9.9940860e-7, 6.9741253e-7
-0.494, 9.8626538e-7, 6.0010029e-7
-0.495, 1.0100122e-6, 6.6591508e-7
-0.496, 9.4571453e-7, 5.8106991e-7
-0.497, 9.9698445e-7, 6.2124155e-7
-0.498, 9.4987024e-7, 5.9876453e-7
-0.499, 9.7752536e-7, 6.4953974e-7
-0.500, 9.8062560e-7, 6.7188478e-7
