Dec. 9, 2005   02:32:38
Square Wave Voltammetry
File: d:\ida_biofilms\11_28_18_blankidapyo\50um_transfer\50um_pyo_transfer_swv_30.txt
Data Source:  Experiment
Instrument Model:  CHI760B
Header: 
Note: 

Init E (V) = 0.1
Final E (V) = -0.5
Incr E (V) = 0.001
Amplitude (V) = 0.025
Frequency (Hz) = 300
Quiet Time (sec) = 2
Sensitivity (A/V) = 1e-6
Sens 2 (A/V) = 1e-6

Potential/V, i1/A, i2/A

0.099, 6.5259053e-7, 3.1929491e-7
0.098, 6.3981014e-7, 4.1817378e-7
0.097, 6.5024886e-7, 3.9188743e-7
0.096, 6.0503106e-7, 3.9350351e-7
0.095, 6.3840844e-7, 4.0935117e-7
0.094, 5.8131729e-7, 4.2735917e-7
0.093, 6.2458912e-7, 4.8235597e-7
0.092, 6.0061154e-7, 4.2651811e-7
0.091, 5.9508710e-7, 3.8585179e-7
0.090, 6.2849750e-7, 3.5272177e-7
0.089, 5.5682847e-7, 3.4025476e-7
0.088, 6.0509706e-7, 4.0659722e-7
0.087, 5.5498151e-7, 4.1035710e-7
0.086, 5.9785754e-7, 4.3755045e-7
0.085, 5.9276192e-7, 4.2988222e-7
0.084, 5.5005069e-7, 3.8179505e-7
0.083, 5.9508710e-7, 3.2889255e-7
0.082, 5.3349396e-7, 3.5000079e-7
0.081, 5.7561147e-7, 3.9099695e-7
0.080, 5.3872157e-7, 3.8090457e-7
0.079, 5.4396560e-7, 4.0578919e-7
0.078, 5.7397887e-7, 4.1081887e-7
0.077, 5.1949326e-7, 3.5107269e-7
0.076, 5.6274860e-7, 2.9782387e-7
0.075, 5.0491536e-7, 3.0686087e-7
0.074, 5.4056852e-7, 3.7140586e-7
0.073, 5.3121823e-7, 3.9878057e-7
0.072, 5.3285078e-7, 3.9793957e-7
0.071, 5.3436793e-7, 3.6385308e-7
0.070, 4.9304202e-7, 3.5755357e-7
0.069, 5.4907775e-7, 2.7960158e-7
0.068, 5.0402491e-7, 3.1395189e-7
0.067, 5.0570696e-7, 3.5019866e-7
0.066, 5.1974064e-7, 3.7975019e-7
0.065, 4.6909739e-7, 3.7820007e-7
0.064, 5.2580924e-7, 3.5567362e-7
0.063, 4.6467784e-7, 3.2239518e-7
0.062, 5.0940088e-7, 2.8138254e-7
0.061, 5.0153477e-7, 3.2249415e-7
0.060, 4.7971747e-7, 3.0963130e-7
0.059, 4.9886330e-7, 3.5349683e-7
0.058, 4.6400169e-7, 3.7048238e-7
0.057, 5.0343124e-7, 3.3601660e-7
0.056, 4.7318707e-7, 3.1053830e-7
0.055, 4.7582563e-7, 2.5905402e-7
0.054, 4.9820358e-7, 3.1992158e-7
0.053, 4.3690733e-7, 2.9328893e-7
0.052, 4.8044308e-7, 3.4183785e-7
0.051, 4.2193366e-7, 3.5359579e-7
0.050, 4.7473719e-7, 3.2190047e-7
0.049, 4.6744827e-7, 2.9986876e-7
0.048, 4.5916991e-7, 2.2572610e-7
0.047, 4.7521547e-7, 3.3992490e-7
0.046, 4.1856953e-7, 3.1838795e-7
0.045, 4.7081241e-7, 3.2928835e-7
0.044, 4.3473054e-7, 3.3431803e-7
0.043, 4.7031770e-7, 2.9345381e-7
0.042, 4.7152150e-7, 3.2694663e-7
0.041, 4.2369817e-7, 2.1203874e-7
0.040, 4.6561780e-7, 2.7407714e-7
0.039, 4.0212822e-7, 2.9629024e-7
0.038, 4.5280444e-7, 3.2674876e-7
0.037, 4.3482947e-7, 3.1167616e-7
0.036, 4.2412694e-7, 2.5966418e-7
0.035, 4.6914687e-7, 2.8575261e-7
0.034, 3.9422912e-7, 2.2214759e-7
0.033, 4.5941727e-7, 3.0066030e-7
0.032, 4.0031421e-7, 2.7239508e-7
0.031, 4.4211839e-7, 3.0136943e-7
0.030, 4.3844096e-7, 3.2848027e-7
0.029, 3.9704904e-7, 2.6604613e-7
0.028, 4.5341460e-7, 2.6482579e-7
0.027, 3.7869478e-7, 2.2500052e-7
0.026, 4.3540666e-7, 3.0037995e-7
0.025, 3.9752729e-7, 2.7697951e-7
0.024, 4.0359592e-7, 2.8728627e-7
0.023, 4.2925558e-7, 3.0903766e-7
0.022, 3.8530760e-7, 2.5458502e-7
0.021, 4.2994822e-7, 2.7579219e-7
0.020, 3.9030431e-7, 2.0727290e-7
0.019, 4.2658408e-7, 2.8395513e-7
0.018, 4.1662364e-7, 2.9965437e-7
0.017, 3.9891250e-7, 2.8473019e-7
0.016, 4.0849369e-7, 2.9111214e-7
0.015, 3.7414333e-7, 2.6482579e-7
0.014, 4.1828923e-7, 2.8115170e-7
0.013, 3.8654440e-7, 2.0385930e-7
0.012, 4.1378721e-7, 2.6731590e-7
0.011, 4.0090788e-7, 2.9256333e-7
0.010, 3.7035045e-7, 2.9411348e-7
0.009, 4.1696995e-7, 2.8189379e-7
0.008, 3.7872775e-7, 2.5082511e-7
0.007, 4.1382020e-7, 2.4629014e-7
0.006, 3.9756026e-7, 2.2678152e-7
0.005, 3.9602662e-7, 2.6024136e-7
0.004, 4.0799893e-7, 2.6838779e-7
0.003, 3.6456217e-7, 2.8563719e-7
0.002, 4.2475361e-7, 2.8075590e-7
0.001, 3.8383990e-7, 2.5329871e-7
-0.000, 3.9751080e-7, 2.5958173e-7
-0.001, 4.1255041e-7, 2.2402756e-7
-0.002, 3.7422578e-7, 2.6573278e-7
-0.003, 4.0359589e-7, 2.5682778e-7
-0.004, 3.6332537e-7, 2.7176841e-7
-0.005, 4.0054510e-7, 2.8863852e-7
-0.006, 3.9919286e-7, 2.6708506e-7
-0.007, 3.9304177e-7, 2.0977949e-7
-0.008, 4.2244488e-7, 2.4257972e-7
-0.009, 3.6792630e-7, 2.6612855e-7
-0.010, 4.1047258e-7, 2.6532052e-7
-0.011, 3.6919607e-7, 3.0056137e-7
-0.012, 4.0811437e-7, 2.7518200e-7
-0.013, 4.0107278e-7, 2.8578560e-7
-0.014, 3.6621125e-7, 2.3055790e-7
-0.015, 4.1664012e-7, 2.0174848e-7
-0.016, 3.5536030e-7, 2.5658039e-7
-0.017, 3.9597717e-7, 2.6490824e-7
-0.018, 3.9155762e-7, 2.9277771e-7
-0.019, 3.8156418e-7, 2.5466747e-7
-0.020, 4.2368168e-7, 2.7585816e-7
-0.021, 3.5371121e-7, 2.4744449e-7
-0.022, 4.1866849e-7, 2.1401763e-7
-0.023, 3.7321985e-7, 2.5446957e-7
-0.024, 4.1080239e-7, 2.8558770e-7
-0.025, 4.0704248e-7, 3.2890904e-7
-0.026, 3.7984915e-7, 2.7961804e-7
-0.027, 4.3225691e-7, 2.3766543e-7
-0.028, 3.5897179e-7, 2.1363834e-7
-0.029, 4.1837166e-7, 2.2646819e-7
-0.030, 3.7732605e-7, 2.7439046e-7
-0.031, 3.9376738e-7, 2.6754680e-7
-0.032, 4.3021205e-7, 3.2552842e-7
-0.033, 3.7346720e-7, 2.2595697e-7
-0.034, 4.2838155e-7, 2.6858572e-7
-0.035, 3.7297247e-7, 2.1782702e-7
-0.036, 4.2025164e-7, 2.5000057e-7
-0.037, 4.0532746e-7, 2.9182124e-7
-0.038, 3.8418622e-7, 2.7852965e-7
-0.039, 4.2145544e-7, 2.9535028e-7
-0.040, 3.7397842e-7, 2.5311732e-7
-0.041, 4.3146534e-7, 2.6403424e-7
-0.042, 3.7480297e-7, 2.2653415e-7
-0.043, 4.0946662e-7, 2.3697284e-7
-0.044, 4.1080239e-7, 2.9234894e-7
-0.045, 3.8280101e-7, 2.8563721e-7
-0.046, 4.2971732e-7, 2.9868141e-7
-0.047, 3.8797910e-7, 2.5590427e-7
-0.048, 4.2722723e-7, 2.7737531e-7
-0.049, 4.1670609e-7, 2.3573602e-7
-0.050, 4.1995474e-7, 2.7345050e-7
-0.051, 4.2157086e-7, 2.7636935e-7
-0.052, 3.7892568e-7, 3.0704226e-7
-0.053, 4.4004057e-7, 3.0626717e-7
-0.054, 3.9742835e-7, 2.6528755e-7
-0.055, 4.1911375e-7, 2.7336802e-7
-0.056, 4.3402144e-7, 2.5529414e-7
-0.057, 4.1281425e-7, 2.7711144e-7
-0.058, 4.5107291e-7, 2.9358574e-7
-0.059, 3.8957873e-7, 2.9976979e-7
-0.060, 4.4023847e-7, 3.0984569e-7
-0.061, 4.2986574e-7, 2.8443336e-7
-0.062, 4.3733610e-7, 2.5212788e-7
-0.063, 4.4605969e-7, 2.4462457e-7
-0.064, 3.9939076e-7, 2.9502047e-7
-0.065, 4.6104986e-7, 3.0042943e-7
-0.066, 4.1888288e-7, 3.1419927e-7
-0.067, 4.4538359e-7, 2.9444328e-7
-0.068, 4.5931836e-7, 3.1893211e-7
-0.069, 4.2938751e-7, 2.3078877e-7
-0.070, 4.7124121e-7, 2.3693984e-7
-0.071, 4.1037362e-7, 2.8931464e-7
-0.072, 4.6119828e-7, 3.2608912e-7
-0.073, 4.5587177e-7, 3.3283385e-7
-0.074, 4.5259009e-7, 2.9960489e-7
-0.075, 4.7885987e-7, 3.1723357e-7
-0.076, 4.1975687e-7, 2.4083167e-7
-0.077, 4.8860596e-7, 2.8369126e-7
-0.078, 4.3136640e-7, 2.9347032e-7
-0.079, 4.8057495e-7, 3.2340114e-7
-0.080, 4.8807829e-7, 3.6805824e-7
-0.081, 4.3908412e-7, 2.9502047e-7
-0.082, 5.0600380e-7, 2.9290962e-7
-0.083, 4.3257026e-7, 2.5067669e-7
-0.084, 5.0524523e-7, 3.1471046e-7
-0.085, 4.6137967e-7, 3.1936088e-7
-0.086, 4.7218117e-7, 3.3214127e-7
-0.087, 5.0644906e-7, 3.3369139e-7
-0.088, 4.5976361e-7, 2.8313059e-7
-0.089, 5.1528809e-7, 3.1339118e-7
-0.090, 4.6729988e-7, 2.4619118e-7
-0.091, 5.0884023e-7, 3.2109241e-7
-0.092, 5.0484942e-7, 3.4370132e-7
-0.093, 4.7625440e-7, 3.3791304e-7
-0.094, 5.1983955e-7, 3.2943677e-7
-0.095, 4.6525503e-7, 3.1349015e-7
-0.096, 5.2656782e-7, 3.0633316e-7
-0.097, 4.8491205e-7, 2.7819982e-7
-0.098, 5.1215488e-7, 3.1594726e-7
-0.099, 5.2472080e-7, 3.5324945e-7
-0.100, 4.7932167e-7, 3.7534716e-7
-0.101, 5.3893592e-7, 3.4088140e-7
-0.102, 5.0834547e-7, 3.1695322e-7
-0.103, 5.4510349e-7, 2.8684101e-7
-0.104, 5.2726045e-7, 3.1616167e-7
-0.105, 5.2307178e-7, 3.3517557e-7
-0.106, 5.4874795e-7, 3.6598038e-7
-0.107, 5.0725708e-7, 3.9703255e-7
-0.108, 5.5643267e-7, 3.2829891e-7
-0.109, 5.3141616e-7, 3.3252056e-7
-0.110, 5.5359624e-7, 2.9076583e-7
-0.111, 5.7460556e-7, 3.6050542e-7
-0.112, 5.1542003e-7, 3.6189067e-7
-0.113, 5.8135026e-7, 3.8644546e-7
-0.114, 5.2721100e-7, 3.6457865e-7
-0.115, 5.6665698e-7, 3.4126066e-7
-0.116, 5.7297297e-7, 3.7475348e-7
-0.117, 5.5475061e-7, 2.7899139e-7
-0.118, 5.9333911e-7, 3.8375748e-7
-0.119, 5.3708891e-7, 3.4635633e-7
-0.120, 6.0893933e-7, 3.8019544e-7
-0.121, 5.5595444e-7, 3.8093754e-7
-0.122, 5.8009698e-7, 3.7315388e-7
-0.123, 6.0410764e-7, 3.7415981e-7
-0.124, 5.7008708e-7, 3.1274806e-7
-0.125, 6.1388664e-7, 3.8731949e-7
-0.126, 5.5150190e-7, 3.7244479e-7
-0.127, 6.1022564e-7, 4.4442714e-7
-0.128, 6.0574018e-7, 3.7800220e-7
-0.129, 5.8581929e-7, 3.5676203e-7
-0.130, 6.3118546e-7, 3.4404761e-7
-0.131, 5.8674277e-7, 3.9246459e-7
-0.132, 6.2808522e-7, 3.9695010e-7
-0.133, 5.9106333e-7, 3.9836831e-7
-0.134, 6.3050936e-7, 4.1324301e-7
-0.135, 6.3149878e-7, 3.9526805e-7
-0.136, 6.0471768e-7, 3.6634319e-7
-0.137, 6.4911097e-7, 3.2664983e-7
-0.138, 5.8360951e-7, 3.9289336e-7
-0.139, 6.3484646e-7, 4.0432150e-7
-0.140, 6.2249478e-7, 4.4002405e-7
-0.141, 6.1885032e-7, 3.6977326e-7
-0.142, 6.6253449e-7, 4.0369486e-7
-0.143, 6.1296311e-7, 3.4201923e-7
-0.144, 6.5786759e-7, 3.7190057e-7
-0.145, 6.1789387e-7, 3.9419615e-7
-0.146, 6.5745530e-7, 4.2041648e-7
-0.147, 6.5593815e-7, 4.4215142e-7
-0.148, 6.1664059e-7, 3.8233924e-7
-0.149, 6.8276870e-7, 3.8718758e-7
-0.150, 6.1476061e-7, 3.4779103e-7
-0.151, 6.7927266e-7, 4.3197656e-7
-0.152, 6.3494537e-7, 4.1243499e-7
-0.153, 6.4586231e-7, 4.1909726e-7
-0.154, 6.7686506e-7, 4.4998453e-7
-0.155, 6.2727713e-7, 4.0237558e-7
-0.156, 6.8999168e-7, 3.9162359e-7
-0.157, 6.3072372e-7, 3.7125744e-7
-0.158, 6.7966846e-7, 4.2777140e-7
-0.159, 6.7173636e-7, 4.6909739e-7
-0.160, 6.6232008e-7, 4.4991856e-7
-0.161, 6.8331292e-7, 4.1345737e-7
-0.162, 6.4798957e-7, 4.0819680e-7
-0.163, 6.9393298e-7, 3.6414991e-7
-0.164, 6.7025218e-7, 4.3319687e-7
-0.165, 6.7775545e-7, 4.0682806e-7
-0.166, 6.8918359e-7, 4.6652480e-7
-0.167, 6.5359649e-7, 4.4450957e-7
-0.168, 7.1265003e-7, 4.1644225e-7
-0.169, 6.6644282e-7, 4.1169289e-7
-0.170, 7.0405832e-7, 3.6220399e-7
-0.171, 6.8722119e-7, 4.6914684e-7
-0.172, 6.7780496e-7, 4.2594095e-7
-0.173, 7.2401218e-7, 4.7407764e-7
-0.174, 6.6637682e-7, 4.1616190e-7
-0.175, 7.3463229e-7, 4.3750097e-7
-0.176, 6.9408139e-7, 3.8626408e-7
-0.177, 7.1007747e-7, 4.2541319e-7
-0.178, 7.2279187e-7, 4.7785397e-7
-0.179, 6.8227399e-7, 4.6024181e-7
-0.180, 7.3585261e-7, 4.7242850e-7
-0.181, 6.7843166e-7, 4.1870146e-7
-0.182, 7.3511052e-7, 4.5770219e-7
-0.183, 7.2994885e-7, 4.0331557e-7
-0.184, 7.3255444e-7, 4.2760649e-7
-0.185, 7.4378465e-7, 4.8883686e-7
-0.186, 7.0100759e-7, 5.0041342e-7
-0.187, 7.6815809e-7, 4.8327945e-7
-0.188, 7.2750822e-7, 4.3743501e-7
-0.189, 7.5160131e-7, 4.0145210e-7
-0.190, 7.6439818e-7, 4.6916333e-7
-0.191, 7.2942123e-7, 4.4048585e-7
-0.192, 7.7386392e-7, 4.8854002e-7
-0.193, 7.2206626e-7, 4.8103669e-7
-0.194, 7.7806908e-7, 4.6551887e-7
-0.195, 7.7462244e-7, 4.3708872e-7
-0.196, 7.6561855e-7, 3.7356614e-7
-0.197, 8.0346490e-7, 5.0202948e-7
-0.198, 7.4159141e-7, 4.7599050e-7
-0.199, 7.9873200e-7, 5.0517923e-7
-0.200, 7.6212245e-7, 4.9469111e-7
-0.201, 8.1664103e-7, 4.7333555e-7
-0.202, 8.0638375e-7, 4.5880711e-7
-0.203, 7.7765674e-7, 4.3113553e-7
-0.204, 8.3675980e-7, 4.7328604e-7
-0.205, 7.5646608e-7, 5.0417333e-7
-0.206, 8.2981717e-7, 5.6891622e-7
-0.207, 8.0925315e-7, 4.9267919e-7
-0.208, 8.0912122e-7, 4.7462177e-7
-0.209, 8.4902899e-7, 4.5341460e-7
-0.210, 7.9578012e-7, 4.9264622e-7
-0.211, 8.4226781e-7, 5.0097412e-7
-0.212, 8.1171032e-7, 5.5207909e-7
-0.213, 8.6438195e-7, 5.2439106e-7
-0.214, 8.7203364e-7, 5.2224721e-7
-0.215, 8.3929933e-7, 4.4622462e-7
-0.216, 8.8446768e-7, 4.7928870e-7
-0.217, 8.2409485e-7, 5.2209884e-7
-0.218, 8.8245577e-7, 5.6781130e-7
-0.219, 8.6873547e-7, 5.6614573e-7
-0.220, 8.7266028e-7, 4.7973396e-7
-0.221, 9.0933588e-7, 5.5090823e-7
-0.222, 8.5832977e-7, 4.6202280e-7
-0.223, 9.2152254e-7, 5.4515294e-7
-0.224, 8.6819125e-7, 5.3682510e-7
-0.225, 9.0316826e-7, 5.7826651e-7
-0.226, 9.1967559e-7, 5.5974732e-7
-0.227, 9.2068149e-7, 5.2651831e-7
-0.228, 9.4060238e-7, 5.0405788e-7
-0.229, 8.9554953e-7, 5.1657440e-7
-0.230, 9.4896325e-7, 5.8657787e-7
-0.231, 9.3324746e-7, 5.8677574e-7
-0.232, 9.4607731e-7, 5.8801254e-7
-0.233, 9.7083011e-7, 5.8197691e-7
-0.234, 9.3351139e-7, 5.5880730e-7
-0.235, 9.8740327e-7, 5.0806511e-7
-0.236, 9.4338935e-7, 5.6665692e-7
-0.237, 9.8227463e-7, 5.9419659e-7
-0.238, 9.8804639e-7, 6.6009386e-7
-0.239, 9.6883468e-7, 5.7778823e-7
-0.240, 1.0317635e-6, 5.8679223e-7
-0.241, 9.6876863e-7, 5.1263311e-7
-0.242, 1.0246230e-6, 5.7615568e-7
-0.243, 9.8394025e-7, 5.8725396e-7
-0.244, 9.9655574e-7, 6.1913067e-7
-0.245, 1.0413282e-6, 6.6924622e-7
-0.246, 1.0028716e-6, 5.7269261e-7
-0.247, 1.0622056e-6, 5.8062466e-7
-0.248, 1.0007609e-6, 5.1111590e-7
-0.249, 1.0427630e-6, 6.3445066e-7
-0.250, 1.0352101e-6, 6.4449353e-7
-0.251, 1.0294218e-6, 6.3596781e-7
-0.252, 1.0895143e-6, 6.4965514e-7
-0.253, 1.0184884e-6, 6.2257726e-7
-0.254, 1.0892834e-6, 5.5719124e-7
-0.255, 1.0478586e-6, 6.0758714e-7
-0.256, 1.0799002e-6, 6.3379105e-7
-0.257, 1.0940493e-6, 6.8634722e-7
-0.258, 1.0501673e-6, 6.3774883e-7
-0.259, 1.1196430e-6, 6.1650866e-7
-0.260, 1.0571100e-6, 5.9291034e-7
-0.261, 1.1062195e-6, 6.3293351e-7
-0.262, 1.1034986e-6, 6.5847769e-7
-0.263, 1.0747881e-6, 6.5423961e-7
-0.264, 1.1352267e-6, 6.8591845e-7
-0.265, 1.0530202e-6, 6.2455615e-7
-0.266, 1.1214406e-6, 6.3013010e-7
-0.267, 1.0966384e-6, 5.6642608e-7
-0.268, 1.1271134e-6, 6.5811491e-7
-0.269, 1.1294881e-6, 6.8156487e-7
-0.270, 1.0773276e-6, 7.0074361e-7
-0.271, 1.1416089e-6, 6.8868889e-7
-0.272, 1.0877993e-6, 6.5138670e-7
-0.273, 1.1378984e-6, 6.0991232e-7
-0.274, 1.1187360e-6, 6.0966499e-7
-0.275, 1.1006787e-6, 6.4338866e-7
-0.276, 1.1507611e-6, 7.2594162e-7
-0.277, 1.0850124e-6, 7.0094154e-7
-0.278, 1.1443792e-6, 6.6347445e-7
-0.279, 1.1061040e-6, 6.5923632e-7
-0.280, 1.1476774e-6, 5.9996842e-7
-0.281, 1.1432744e-6, 7.1649242e-7
-0.282, 1.1236668e-6, 6.4805556e-7
-0.283, 1.1527401e-6, 7.2158809e-7
-0.284, 1.1025421e-6, 6.8994223e-7
-0.285, 1.1543398e-6, 6.6776204e-7
-0.286, 1.1188679e-6, 6.0196379e-7
-0.287, 1.1398279e-6, 6.4920994e-7
-0.288, 1.1565164e-6, 7.0305236e-7
-0.289, 1.0962426e-6, 6.9817111e-7
-0.290, 1.1457315e-6, 7.1901547e-7
-0.291, 1.1078025e-6, 6.6273236e-7
-0.292, 1.1429445e-6, 6.4825343e-7
-0.293, 1.1498377e-6, 6.3875473e-7
-0.294, 1.1256786e-6, 6.5409120e-7
-0.295, 1.1523607e-6, 6.9454313e-7
-0.296, 1.0972485e-6, 7.5394303e-7
-0.297, 1.1535976e-6, 6.7440789e-7
-0.298, 1.1121397e-6, 6.8334583e-7
-0.299, 1.1168561e-6, 6.0529487e-7
-0.300, 1.1556920e-6, 7.0818101e-7
-0.301, 1.1036799e-6, 6.4391634e-7
-0.302, 1.1454676e-6, 7.4360327e-7
-0.303, 1.0862987e-6, 6.8677599e-7
-0.304, 1.1376015e-6, 6.8385708e-7
-0.305, 1.1367770e-6, 6.4418020e-7
-0.306, 1.1186371e-6, 5.6873478e-7
-0.307, 1.1463746e-6, 7.1128130e-7
-0.308, 1.0847815e-6, 7.1749832e-7
-0.309, 1.1535481e-6, 7.3146600e-7
-0.310, 1.1126344e-6, 6.6189136e-7
-0.311, 1.1343363e-6, 6.7600746e-7
-0.312, 1.1445441e-6, 6.4612613e-7
-0.313, 1.0969848e-6, 6.5630093e-7
-0.314, 1.1319946e-6, 6.5263998e-7
-0.315, 1.0884589e-6, 6.8614929e-7
-0.316, 1.1162459e-6, 6.7608994e-7
-0.317, 1.1296034e-6, 6.7597443e-7
-0.318, 1.1142505e-6, 6.0493210e-7
-0.319, 1.1392835e-6, 6.5110635e-7
-0.320, 1.0756951e-6, 6.7663416e-7
-0.321, 1.1257777e-6, 7.0285449e-7
-0.322, 1.0774431e-6, 6.9281157e-7
-0.323, 1.1141681e-6, 6.6042367e-7
-0.324, 1.1437361e-6, 7.0826349e-7
-0.325, 1.0771628e-6, 5.8128433e-7
-0.326, 1.1492110e-6, 6.6713540e-7
-0.327, 1.0780861e-6, 6.5679569e-7
-0.328, 1.1188514e-6, 7.2782160e-7
-0.329, 1.0850617e-6, 7.2104388e-7
-0.330, 1.0971826e-6, 6.5244217e-7
-0.331, 1.1288944e-6, 6.5679569e-7
-0.332, 1.0770143e-6, 6.3619871e-7
-0.333, 1.1329511e-6, 6.8397253e-7
-0.334, 1.0780202e-6, 6.9079971e-7
-0.335, 1.1101279e-6, 7.2150556e-7
-0.336, 1.1287459e-6, 7.0071076e-7
-0.337, 1.0922848e-6, 6.5908790e-7
-0.338, 1.1330171e-6, 5.9942420e-7
-0.339, 1.0838580e-6, 6.7416050e-7
-0.340, 1.1170540e-6, 6.8057540e-7
-0.341, 1.0941153e-6, 7.2637039e-7
-0.342, 1.1020473e-6, 6.7691445e-7
-0.343, 1.1311865e-6, 6.8890324e-7
-0.344, 1.0804114e-6, 6.3603375e-7
-0.345, 1.1283172e-6, 6.1673950e-7
-0.346, 1.0823409e-6, 6.8283464e-7
-0.347, 1.1248871e-6, 6.9683540e-7
-0.348, 1.1239307e-6, 7.8591870e-7
-0.349, 1.1052796e-6, 6.6105031e-7
-0.350, 1.1378819e-6, 6.8346128e-7
-0.351, 1.0874860e-6, 6.3174616e-7
-0.352, 1.1561207e-6, 6.9233334e-7
-0.353, 1.1111997e-6, 6.8766644e-7
-0.354, 1.1202532e-6, 7.2674970e-7
-0.355, 1.1477928e-6, 7.4670356e-7
-0.356, 1.0985514e-6, 6.8202661e-7
-0.357, 1.1638714e-6, 6.9652202e-7
-0.358, 1.1029214e-6, 6.2955291e-7
-0.359, 1.1512559e-6, 7.1278197e-7
-0.360, 1.1370573e-6, 7.3471472e-7
-0.361, 1.1284985e-6, 7.4680247e-7
-0.362, 1.1629644e-6, 7.7168710e-7
-0.363, 1.1280204e-6, 7.0570741e-7
-0.364, 1.1812526e-6, 6.6241904e-7
-0.365, 1.1449069e-6, 6.8918359e-7
-0.366, 1.1499037e-6, 7.2379783e-7
-0.367, 1.1723806e-6, 7.8492923e-7
-0.368, 1.1368924e-6, 7.2063153e-7
-0.369, 1.1855898e-6, 7.1337558e-7
-0.370, 1.1452697e-6, 7.0234330e-7
-0.371, 1.1815330e-6, 6.7373173e-7
-0.372, 1.1854743e-6, 7.4945751e-7
-0.373, 1.1642177e-6, 7.1100089e-7
-0.374, 1.2185878e-6, 7.8436852e-7
-0.375, 1.1474465e-6, 7.7409470e-7
-0.376, 1.2233372e-6, 7.4144299e-7
-0.377, 1.1792903e-6, 6.8491249e-7
-0.378, 1.2166585e-6, 6.8687496e-7
-0.379, 1.2199731e-6, 7.8581968e-7
-0.380, 1.1712923e-6, 7.7449050e-7
-0.381, 1.2346500e-6, 8.0376174e-7
-0.382, 1.1803456e-6, 7.3758412e-7
-0.383, 1.2425160e-6, 7.6896606e-7
-0.384, 1.2131624e-6, 7.0852735e-7
-0.385, 1.2283833e-6, 7.4657157e-7
-0.386, 1.2583967e-6, 7.8083951e-7
-0.387, 1.2117277e-6, 8.0758758e-7
-0.388, 1.2673511e-6, 7.9246553e-7
-0.389, 1.2189671e-6, 7.5656510e-7
-0.390, 1.2650260e-6, 7.7043376e-7
-0.391, 1.2736671e-6, 7.4516987e-7
-0.392, 1.2433240e-6, 7.7336921e-7
-0.393, 1.2756130e-6, 7.9668712e-7
-0.394, 1.2295212e-6, 8.4991950e-7
-0.395, 1.2862497e-6, 8.1942801e-7
-0.396, 1.2624205e-6, 7.8995890e-7
-0.397, 1.2747555e-6, 6.8537429e-7
-0.398, 1.2991950e-6, 7.9299326e-7
-0.399, 1.2554777e-6, 7.9187180e-7
-0.400, 1.3045874e-6, 8.1807570e-7
-0.401, 1.2660319e-6, 8.2795373e-7
-0.402, 1.3077372e-6, 7.8901894e-7
-0.403, 1.3168731e-6, 7.9927617e-7
-0.404, 1.3032517e-6, 7.3392312e-7
-0.405, 1.3251183e-6, 8.2815154e-7
-0.406, 1.2686374e-6, 8.0849452e-7
-0.407, 1.3304945e-6, 8.7277573e-7
-0.408, 1.3088750e-6, 8.4066812e-7
-0.409, 1.3290927e-6, 7.9014029e-7
-0.410, 1.3504978e-6, 7.8337905e-7
-0.411, 1.3003162e-6, 7.4604395e-7
-0.412, 1.3473316e-6, 8.1990618e-7
-0.413, 1.2950886e-6, 8.5267345e-7
-0.414, 1.3425656e-6, 8.8949741e-7
-0.415, 1.3465069e-6, 8.5255806e-7
-0.416, 1.3330836e-6, 7.9756120e-7
-0.417, 1.3626516e-6, 7.8708950e-7
-0.418, 1.3208473e-6, 8.3082318e-7
-0.419, 1.3687365e-6, 8.4129476e-7
-0.420, 1.3275591e-6, 8.7871240e-7
-0.421, 1.3439344e-6, 8.4355406e-7
-0.422, 1.3709629e-6, 8.7107713e-7
-0.423, 1.3278394e-6, 7.7571087e-7
-0.424, 1.3780539e-6, 7.7430911e-7
-0.425, 1.3186046e-6, 8.3067471e-7
-0.426, 1.3555275e-6, 8.6993930e-7
-0.427, 1.3658342e-6, 8.9965573e-7
-0.428, 1.3411805e-6, 8.2297350e-7
-0.429, 1.3866456e-6, 8.6504156e-7
-0.430, 1.3248216e-6, 7.9836923e-7
-0.431, 1.3780868e-6, 8.2683232e-7
-0.432, 1.3364640e-6, 8.2681589e-7
-0.433, 1.3686542e-6, 8.6512392e-7
-0.434, 1.3746403e-6, 8.8509438e-7
-0.435, 1.3225128e-6, 8.1029208e-7
-0.436, 1.3789445e-6, 7.9518645e-7
-0.437, 1.3263552e-6, 7.6916399e-7
-0.438, 1.3681924e-6, 8.6423347e-7
-0.439, 1.3399767e-6, 8.4457645e-7
-0.440, 1.3295215e-6, 8.8255479e-7
-0.441, 1.3767511e-6, 8.7543071e-7
-0.442, 1.3213255e-6, 8.2122551e-7
-0.443, 1.3613158e-6, 7.6911454e-7
-0.444, 1.3243928e-6, 7.5397594e-7
-0.445, 1.3496733e-6, 8.2704673e-7
-0.446, 1.3542906e-6, 8.7904220e-7
-0.447, 1.3047193e-6, 8.8684237e-7
-0.448, 1.3619590e-6, 8.0433887e-7
-0.449, 1.2913782e-6, 8.1472814e-7
-0.450, 1.3394324e-6, 7.6327677e-7
-0.451, 1.3178295e-6, 8.2877830e-7
-0.452, 1.3118268e-6, 7.8469833e-7
-0.453, 1.3272128e-6, 8.9655543e-7
-0.454, 1.2744092e-6, 8.3036139e-7
-0.455, 1.3334297e-6, 8.0443783e-7
-0.456, 1.2890861e-6, 7.7071417e-7
-0.457, 1.3224469e-6, 7.3878800e-7
-0.458, 1.3090729e-6, 8.4129476e-7
-0.459, 1.2802634e-6, 8.1796031e-7
-0.460, 1.3045709e-6, 8.5521299e-7
-0.461, 1.2572752e-6, 8.1372218e-7
-0.462, 1.3056923e-6, 7.8957964e-7
-0.463, 1.2606229e-6, 7.3619890e-7
-0.464, 1.2733539e-6, 7.5755452e-7
-0.465, 1.2872226e-6, 8.0882444e-7
-0.466, 1.2244750e-6, 8.0579014e-7
-0.467, 1.2725952e-6, 8.0226107e-7
-0.468, 1.2263880e-6, 7.6134734e-7
-0.469, 1.2623050e-6, 7.4178934e-7
-0.470, 1.2506459e-6, 7.3329647e-7
-0.471, 1.2335615e-6, 7.4361969e-7
-0.472, 1.2484362e-6, 7.6614617e-7
-0.473, 1.1938516e-6, 8.0679598e-7
-0.474, 1.2506955e-6, 7.6937835e-7
-0.475, 1.2052633e-6, 7.4375163e-7
-0.476, 1.2111341e-6, 6.9589538e-7
-0.477, 1.2211769e-6, 7.4808878e-7
-0.478, 1.1617111e-6, 7.2409466e-7
-0.479, 1.1972982e-6, 7.6942786e-7
-0.480, 1.1379973e-6, 7.5969831e-7
-0.481, 1.1911966e-6, 7.4988628e-7
-0.482, 1.1876512e-6, 7.2693109e-7
-0.483, 1.1598640e-6, 6.2617227e-7
-0.484, 1.1771300e-6, 7.6195755e-7
-0.485, 1.1125685e-6, 7.1452996e-7
-0.486, 1.1591715e-6, 7.8070764e-7
-0.487, 1.1150421e-6, 7.2495214e-7
-0.488, 1.1367110e-6, 7.0498186e-7
-0.489, 1.1398937e-6, 6.6349094e-7
-0.490, 1.0904544e-6, 6.4116239e-7
-0.491, 1.1261734e-6, 6.8242235e-7
-0.492, 1.0711931e-6, 7.1162759e-7
-0.493, 1.1102434e-6, 7.2666717e-7
-0.494, 1.0880962e-6, 6.6624489e-7
-0.495, 1.0708633e-6, 6.4784115e-7
-0.496, 1.1044220e-6, 6.0445387e-7
-0.497, 1.0311039e-6, 6.7402857e-7
-0.498, 1.0720505e-6, 6.6241904e-7
-0.499, 1.0245570e-6, 6.6957602e-7
-0.500, 1.0522946e-6, 6.4436159e-7
